0.575414 0.295102
0.574006 0.2907 0.575414 0.295102
0.575414 0.295102 0.5794 0.283701
0.5794 0.283701 0.575414 0.295102
0.56856 0.28385 0.575414 0.295102
0.569194 0.29324 0.575414 0.295102
0.570154 0.28124 0.575414 0.295102
0.55757 0.285104 0.575414 0.295102
0.558295 0.28027 0.575414 0.295102
0.566566 0.28594 0.575414 0.295102
0.578773 0.27611 0.575414 0.295102
0.57608 0.289315 0.575414 0.295102
0.57772 0.286134 0.575414 0.295102
0.575414 0.295102 0.58167 0.291198
0.575414 0.295102 0.581739 0.28253
0.575414 0.295102 0.862691 0.63293
0.575414 0.295102 0.992192 0.21986
0.575414 0.295102 0.57608 0.289315
0.574063 0.28605 0.575414 0.295102
0.57428 0.289733 0.575414 0.295102
0.575414 0.295102 0.55845 0.285701
0.575414 0.295102 0.57069 0.291748
0.575414 0.295102 0.570847 0.28841
0.57376 0.293115 0.575414 0.295102
0.57137 0.286353 0.575414 0.295102
0.57195 0.295614 0.575414 0.295102
0.571986 0.29782 0.575414 0.295102
0.572776 0.265693 0.575414 0.295102
0.572781 0.290117 0.575414 0.295102
0.572988 0.285674 0.575414 0.295102
0.573039 0.286309 0.575414 0.295102
0.571827 0.291546 0.575414 0.295102
0.571793 0.292441 0.575414 0.295102
0.571269 0.291478 0.575414 0.295102
0.573566 0.290106 0.575414 0.295102
0.573527 0.289525 0.575414 0.295102
0.573557 0.289975 0.575414 0.295102
0.573225 0.290467 0.575414 0.295102
0.573233 0.284438 0.575414 0.295102
0.573245 0.282052 0.575414 0.295102
0.573324 0.290456 0.575414 0.295102
0.575414 0.295102 0.570925 0.291454
0.575414 0.295102 0.571239 0.286229
0.575414 0.295102 0.536467 0.371548
0.574316 0.268634 0.575414 0.295102
0.575303 0.280806 0.575414 0.295102
0.575414 0.295102 0.576769 0.288664
0.575414 0.295102 0.577754 0.272293
0.575414 0.295102 0.577769 0.284235
0.575414 0.295102 0.573906 0.314518
0.575414 0.295102 0.573997 0.290918
0.575414 0.295102 0.575767 0.268688
0.575414 0.295102 0.576186 0.289803
0.575414 0.295102 0.576246 0.276803
0.575414 0.295102 0.576313 0.276086
0.575414 0.295102 0.570338 0.287174
0.575414 0.295102 0.571269 0.291478
0.575414 0.295102 0.571911 0.289628
0.575414 0.295102 0.573039 0.286309
0.575414 0.295102 0.573108 0.289927
0.575414 0.295102 0.573225 0.290467
0.575414 0.295102 0.573316 0.283023
0.575414 0.295102 0.573639 0.291153
0.575414 0.295102 0.573832 0.255685
0.576246 0.276803 0.575414 0.295102
0.575414 0.295102 0.575934 0.273534
0.575414 0.295102 0.582806 0.287705
0.575414 0.295102 0.584003 0.294539
0.575414 0.295102 0.604951 0.291201
0.575414 0.295102 0.581871 0.282593
0.575414 0.295102 0.581725 0.285043
0.575414 0.295102 0.579408 0.285923
0.575414 0.295102 0.579636 0.290189
0.575414 0.295102 0.577663 0.283551
0.575414 0.295102 0.579032 0.288625
0.575414 0.295102 0.579035 0.286483
0.579032 0.288625 0.575414 0.295102
0.582806 0.287705 0.575414 0.295102
0.586272 0.273631 0.575414 0.295102
0.566881 0.290151 0.575414 0.295102
0.567072 0.306701 0.575414 0.295102
0.566459 0.278866 0.575414 0.295102
0.567171 0.288872 0.575414 0.295102
0.567777 0.287108 0.575414 0.295102
0.559288 0.285221 0.575414 0.295102
0.566162 0.291099 0.575414 0.295102
0.556908 0.285965 0.575414 0.295102
0.430144 0.322951 0.575414 0.295102
0.534491 0.370794 0.575414 0.295102
0.569818 0.289945 0.575414 0.295102
0.570225 0.283645 0.575414 0.295102
0.569449 0.305231 0.575414 0.295102
0.569451 0.286212 0.575414 0.295102
0.568668 0.293289 0.575414 0.295102
0.568402 0.301609 0.575414 0.295102
0.568405 0.292993 0.575414 0.295102
0.570509 0.288109 0.575414 0.295102
0.570714 0.286943 0.575414 0.295102
0.571239 0.286229 0.575414 0.295102
0.965295 0.0675205 0.575414 0.295102
0.575414 0.295102 0.638604 3.55271e-015
0.573832 0.255685 0.575414 0.295102 0.608848 0.3013
0.573566 0.290106 0.575414 0.295102 0.574006 0.2907
0.57279 0.286193 0.575414 0.295102 0.581739 0.28253
0.573108 0.289927 0.575414 0.295102 0.578072 0.29859
0.57214 0.284988 0.573643 0.285391 0.575414 0.295102
0.57139 0.288183 0.575414 0.295102 0.578118 0.280856
0.575325 0.285909 0.57676 0.288664 0.575414 0.295102
0.573937 0.290451 0.57329 0.289606 0.575414 0.295102
0.575303 0.280806 0.573173 0.28095 0.575414 0.295102
0.575414 0.295102 0.57772 0.286134 0.575186 0.291193
0.575414 0.295102 0.585551 0.294758 0.585948 0.29484
0.575414 0.295102 0.571616 0.29018 0.571865 0.290154
0.575414 0.295102 0.578072 0.29859 0.573108 0.289927
0.570847 0.28841 0.575414 0.295102 0.573149 0.268246
0.570509 0.288109 0.575414 0.295102 0.578072 0.29859
0.57043 0.286866 0.575414 0.295102 0.567939 0.291887
0.570408 0.28641 0.575414 0.295102 0.571239 0.286229
0.560554 0.279933 0.566566 0.28594 0.575414 0.295102
0.567229 0.276437 0.575414 0.295102 0.578287 0.27213
0.567171 0.288872 0.575414 0.295102 0.568405 0.292993
0.561322 0.288329 0.575414 0.295102 0.557658 0.281009
0.559357 0.287244 0.571239 0.286229 0.575414 0.295102
0.562465 0.295685 0.575414 0.295102 0.581325 0.285698
0.537047 0.372132 0.537238 0.371663 0.575414 0.295102
0.538686 0.367491 0.538643 0.367743 0.575414 0.295102
0.554881 0.292807 0.574527 0.296414 0.575414 0.295102
0.570316 0.282497 0.575414 0.295102 0.576313 0.276086
0.570338 0.287174 0.570714 0.286943 0.575414 0.295102
0.570714 0.286943 0.575414 0.295102 0.553623 0.280777
0.570663 0.289798 0.575414 0.295102 0.573039 0.286309
0.570706 0.291747 0.573039 0.286309 0.575414 0.295102
0.570896 0.286926 0.570714 0.286943 0.575414 0.295102
0.571239 0.286229 0.575414 0.295102 0.571793 0.292441
0.571239 0.286229 0.575414 0.295102 0.574193 0.294158
0.571239 0.286229 0.571793 0.292441 0.575414 0.295102
0.571239 0.286229 0.573039 0.286309 0.575414 0.295102
0.571239 0.286229 0.575186 0.291193 0.575414 0.295102
0.571269 0.291478 0.571319 0.291496 0.575414 0.295102
0.571239 0.286229 0.564919 0.287537 0.575414 0.295102
0.571239 0.286229 0.570714 0.286943 0.575414 0.295102
0.568405 0.292993 0.568402 0.301609 0.575414 0.295102
0.568207 0.290026 0.570118 0.293412 0.575414 0.295102
0.567946 0.284464 0.573051 0.285506 0.575414 0.295102
0.567946 0.284464 0.573233 0.284438 0.575414 0.295102
0.570229 0.290324 0.575414 0.295102 0.570538 0.290292
0.570307 0.295847 0.570509 0.288109 0.575414 0.295102
0.575414 0.295102 0.577025 0.256295 0.579203 0.295858
0.575414 0.295102 0.576101 0.286552 0.572781 0.290117
0.575414 0.295102 0.575767 0.268688 0.581851 0.270243
0.575414 0.295102 0.572988 0.285674 0.575303 0.280806
0.575414 0.295102 0.573868 0.293004 0.575186 0.291193
0.575414 0.295102 0.571269 0.291478 0.573039 0.286309
0.575414 0.295102 0.571269 0.291478 0.573238 0.291696
0.575414 0.295102 0.571269 0.291478 0.573481 0.289587
0.575414 0.295102 0.571239 0.286229 0.571793 0.292441
0.575414 0.295102 0.579258 0.273338 0.571592 0.294481
0.575414 0.295102 0.579636 0.290189 0.605017 0.290138
0.575414 0.295102 0.580072 0.351308 0.602014 0.284599
0.581872 0.272899 0.575414 0.295102 0.584537 0.294799
0.583632 0.294573 0.561787 0.287136 0.575414 0.295102
0.578361 0.292587 0.573235 0.288893 0.575414 0.295102
0.576146 0.292155 0.570307 0.295847 0.575414 0.295102
0.574798 0.291261 0.573629 0.291013 0.575414 0.295102
0.575186 0.291193 0.575328 0.284568 0.575414 0.295102
0.575414 0.295102 0.553623 0.280777 0.572781 0.290117
0.575414 0.295102 0.534776 0.367525 0.556908 0.285965
0.575414 0.295102 0.562465 0.295685 0.579408 0.285923
0.573316 0.292898 0.573245 0.282052 0.575414 0.295102
0.573219 0.288628 0.575414 0.295102 0.578028 0.289973
0.571506 0.289773 0.572276 0.288288 0.575414 0.295102
0.571269 0.291478 0.573663 0.293096 0.575414 0.295102
0.571319 0.291496 0.575414 0.295102 0.571269 0.291478
0.571793 0.292441 0.571239 0.286229 0.575414 0.295102
0.572164 0.286708 0.567938 0.292035 0.575414 0.295102
0.572276 0.288288 0.573039 0.286309 0.575414 0.295102
0.573039 0.286309 0.575414 0.295102 0.571793 0.292441
0.572988 0.285674 0.575303 0.280806 0.575414 0.295102
0.572781 0.290117 0.575414 0.295102 0.573846 0.290903
0.572665 0.299376 0.580867 0.297429 0.575414 0.295102
0.569481 0.2823 0.575414 0.295102 0.5699 0.28604 0.575653 0.275596
0.575414 0.295102 0.570839 0.290772 0.5718 0.291607 0.574006 0.2907
0.536148 0.369164 0.56655 0.285995 0.56853 0.29144 0.575414 0.295102
0.535063 0.36969 0.537047 0.372132 0.42977 0.323215 0.575414 0.295102
0.56626 0.304813 0.575414 0.295102 0.578237 0.29716 0.583018 0.308064
0.568744 0.288071 0.57159 0.286744 0.575414 0.295102 0.57614 0.290647
0.575414 0.295102 0.561369 0.289011 0.572551 0.29325 0.575603 0.26688
0.573792 0.314507 0.575414 0.295102 0.55662 0.285839 0.56655 0.285995
0.572882 0.29249 0.575414 0.295102 0.571616 0.29018 0.573076 0.289425
0.571616 0.29018 0.575414 0.295102 0.573324 0.290456 0.57333 0.290214
0.575414 0.295102 0.582742 0.26524 0.58401 0.294481 0.583985 0.291186
0.573108 0.289927 0.570873 0.288109 0.575414 0.295102 0.578072 0.29859
0.572353 0.291005 0.573566 0.290106 0.575414 0.295102 0.57395 0.290771
0.572353 0.291005 0.575414 0.295102 0.575987 0.292863 0.58427 0.287565
0.572445 0.292047 0.573285 0.286448 0.575414 0.295102 0.57159 0.286744
0.57333 0.290214 0.573566 0.290106 0.575414 0.295102 0.573225 0.290467
0.573809 0.290406 0.571616 0.29018 0.573324 0.290456 0.575414 0.295102
0.568668 0.293289 0.575414 0.295102 0.568479 0.293366 0.58167 0.291198
0.571087 0.286865 0.573096 0.28609 0.571203 0.285778 0.575414 0.295102
0.571269 0.291478 0.573039 0.286309 0.569194 0.29324 0.575414 0.295102
0.571018 0.298218 0.575414 0.295102 0.568668 0.293289 0.578082 0.29294
0.570846 0.295759 0.571865 0.290154 0.573096 0.28609 0.575414 0.295102
0.559547 0.284784 0.535705 0.274829 0.558603 0.28455 0.575414 0.295102
0.554489 0.29278 0.571793 0.292441 0.571239 0.286229 0.575414 0.295102
0.534776 0.367525 0.573108 0.289927 0.575414 0.295102 0.578072 0.29859
0.430356 0.317597 0.568402 0.301609 0.575414 0.295102 0.568405 0.292993
0.536148 0.369164 0.567938 0.292035 0.573106 0.321286 0.575414 0.295102
0.565702 0.289915 0.575414 0.295102 0.534776 0.367525 0.569892 0.285931
0.571039 0.290751 0.575414 0.295102 0.571269 0.291478 0.573039 0.286309
0.571239 0.286229 0.571269 0.291478 0.573039 0.286309 0.575414 0.295102
0.571239 0.286229 0.571506 0.289773 0.572353 0.291005 0.575414 0.295102
0.570338 0.287174 0.570896 0.286926 0.575414 0.295102 0.570714 0.286943
0.568795 0.277007 0.575414 0.295102 0.581468 0.276111 0.581806 0.275582
0.575414 0.295102 0.570264 0.291316 0.573527 0.289525 0.573937 0.290451
0.575414 0.295102 0.570714 0.286943 0.571793 0.292441 0.580437 0.280123
0.575414 0.295102 0.571239 0.286229 0.571269 0.291478 0.571793 0.292441
0.573657 0.291404 0.574526 0.296442 0.575414 0.295102 0.573316 0.292898
0.572283 0.289782 0.572533 0.288299 0.574804 0.290594 0.575414 0.295102
0.573113 0.300278 0.575414 0.295102 0.580087 0.351319 0.585517 0.292095
0.575414 0.295102 0.582991 0.318908 0.566254 0.307284 0.570869 0.301123
0.576246 0.276803 0.576313 0.276086 0.572954 0.278522 0.575414 0.295102
0.575414 0.295102 0.571267 0.291455 0.571269 0.291478 0.573039 0.286309
0.575414 0.295102 0.576313 0.276086 0.571239 0.286229 0.576246 0.276803
0.575414 0.295102 0.578254 0.293019 0.579032 0.288625 0.583114 0.292845
0.583835 0.290167 0.575414 0.295102 0.583206 0.293041 0.585551 0.294758
0.586272 0.273631 0.565197 0.288138 0.573312 0.286137 0.575414 0.295102
0.602014 0.284599 0.573316 0.292898 0.575414 0.295102 0.582991 0.318908
0.990447 0.218128 0.990829 0.218636 0.575414 0.295102 0.992908 0.216635
0.57139 0.288183 0.573937 0.290451 0.574006 0.2907 0.573566 0.290106 0.575414 0.295102
0.560552 0.289011 0.563697 0.291307 0.55029 0.28337 0.56056 0.289116 0.575414 0.295102
0.564639 0.289873 0.565936 0.285067 0.559382 0.285901 0.563641 0.2894 0.575414 0.295102
0.570402 0.294482 0.57772 0.286134 0.569194 0.29324 0.572274 0.289638 0.575414 0.295102
0.571586 0.290213 0.575414 0.295102 0.57744 0.282006 0.57332 0.286579 0.574511 0.300022
0.57139 0.288183 0.573566 0.290106 0.574549 0.287802 0.575414 0.295102 0.573077 0.288636
0.573683 0.314437 0.575414 0.295102 0.565464 0.279796 0.576989 0.278036 0.578647 0.28085
0.573119 0.281105 0.574459 0.283215 0.575414 0.295102 0.57629 0.274676 0.577971 0.257479
0.573152 0.281234 0.573327 0.283151 0.572113 0.278127 0.573173 0.28095 0.575414 0.295102
0.573316 0.292898 0.564225 0.283545 0.570846 0.295759 0.57195 0.295614 0.575414 0.295102
0.573259 0.29314 0.579991 0.290856 0.575186 0.291193 0.575414 0.295102 0.582313 0.292373
0.574964 0.264636 0.575414 0.295102 0.568431 0.28228 0.568477 0.292384 0.573481 0.314417
0.570847 0.28841 0.570873 0.288109 0.571793 0.292441 0.575414 0.295102 0.571239 0.286229
0.570825 0.287817 0.575414 0.295102 0.583868 0.286174 0.57137 0.286353 0.574029 0.285996
0.57103 0.292762 0.575414 0.295102 0.576128 0.292015 0.573316 0.292898 0.577428 0.287024
0.568489 0.27988 0.572988 0.285674 0.575414 0.295102 0.578582 0.278947 0.575303 0.280806
0.562934 0.284739 0.56655 0.285995 0.568054 0.291199 0.575414 0.295102 0.567929 0.291986
0.559098 0.282939 0.560214 0.287394 0.556681 0.285871 0.558125 0.28388 0.575414 0.295102
0.554881 0.292807 0.562194 0.29395 0.569818 0.289945 0.575414 0.295102 0.568668 0.293289
0.558125 0.28388 0.567171 0.288872 0.568207 0.290026 0.575414 0.295102 0.566162 0.291099
0.567171 0.288872 0.568402 0.301609 0.575414 0.295102 0.559098 0.282939 0.568405 0.292993
0.567938 0.292035 0.570714 0.286943 0.575414 0.295102 0.580437 0.280123 0.570307 0.295847
0.567946 0.284464 0.572924 0.278091 0.573643 0.285391 0.575414 0.295102 0.576313 0.276086
0.568668 0.293289 0.570509 0.288109 0.570714 0.286943 0.575414 0.295102 0.561902 0.285894
0.569392 0.286188 0.571999 0.286799 0.575414 0.295102 0.578039 0.287864 0.586811 0.284548
0.569854 0.279589 0.575414 0.295102 0.571474 0.278522 0.571476 0.278565 0.576684 0.292075
0.571039 0.290751 0.572276 0.288288 0.575414 0.295102 0.571267 0.291455 0.573481 0.289587
0.575414 0.295102 0.570722 0.289792 0.571506 0.289773 0.572967 0.293005 0.573039 0.286309
0.575414 0.295102 0.570847 0.279433 0.571741 0.288771 0.573067 0.296474 0.578046 0.277373
0.573039 0.286309 0.573708 0.292132 0.575414 0.295102 0.571239 0.286229 0.571793 0.292441
0.572967 0.293005 0.572353 0.291005 0.573708 0.292132 0.574948 0.287468 0.575414 0.295102
0.572674 0.283909 0.574511 0.300022 0.575084 0.290221 0.575414 0.295102 0.581851 0.270243
0.572154 0.282591 0.575414 0.295102 0.577381 0.276588 0.569342 0.283958 0.572694 0.278154
0.989852 0.220683 0.990422 0.218123 0.575414 0.295102 0.990829 0.218636 0.991865 0.218081
0.575414 0.295102 0.578543 0.277744 0.576246 0.276803 0.576313 0.276086 0.580539 0.280559
0.575414 0.295102 0.571741 0.288771 0.573331 0.290233 0.575713 0.286329 0.578028 0.289973
0.576345 0.312605 0.605946 0.292118 0.573116 0.287242 0.575414 0.295102 0.575774 0.296207
0.575414 0.295102 0.579636 0.290189 0.585517 0.292095 0.604951 0.291201 0.573832 0.255685
0.571838 0.295529 0.573566 0.290106 0.575414 0.295102 0.58427 0.287565 0.573096 0.28609 0.574006 0.2907
0.5699 0.28604 0.57214 0.284988 0.568815 0.276926 0.573152 0.281234 0.575414 0.295102 0.576313 0.276086
0.570313 0.288942 0.57159 0.286744 0.575414 0.295102 0.557658 0.281009 0.57137 0.286353 0.573096 0.28609
0.567584 0.283291 0.57941 0.282655 0.5733 0.284783 0.575414 0.295102 0.577101 0.256071 0.579258 0.273338
0.567946 0.284464 0.57159 0.286744 0.573242 0.28434 0.575414 0.295102 0.572692 0.294976 0.574063 0.28605
0.567946 0.284464 0.572268 0.284117 0.575414 0.295102 0.57214 0.284988 0.57329 0.283747 0.581739 0.28253
0.535063 0.36969 0.566566 0.28594 0.575931 0.278372 0.534835 0.369172 0.56655 0.285995 0.575414 0.295102
0.570338 0.287174 0.573259 0.29314 0.570714 0.286943 0.570847 0.28841 0.575414 0.295102 0.579032 0.288625
0.570714 0.286943 0.5794 0.283701 0.570338 0.287174 0.570896 0.286926 0.575414 0.295102 0.576313 0.276086
0.573527 0.289525 0.574984 0.29085 0.575414 0.295102 0.573219 0.288628 0.573324 0.290456 0.57333 0.290214
0.577012 0.296522 0.602014 0.284599 0.571521 0.300338 0.57195 0.295614 0.575414 0.295102 0.580087 0.351319
0.575414 0.295102 0.604973 0.295608 0.561369 0.289011 0.571005 0.277842 0.572249 0.293175 0.575603 0.26688
0.575414 0.295102 0.577039 0.281598 0.569621 0.277483 0.570523 0.277397 0.577101 0.256071 0.581834 0.27207
0.570523 0.277397 0.577101 0.256071 0.569621 0.277483 0.575414 0.295102 0.575457 0.268556 0.581834 0.27207
0.567171 0.288872 0.572265 0.287322 0.573106 0.321286 0.573242 0.28434 0.575414 0.295102 0.566459 0.278866
0.565614 0.312015 0.571827 0.291546 0.574412 0.306338 0.575186 0.291193 0.575414 0.295102 0.578072 0.29859
0.564225 0.283545 0.57042 0.293811 0.573319 0.293133 0.575414 0.295102 0.575595 0.292087 0.576704 0.292753
0.566459 0.278866 0.565417 0.291349 0.567171 0.288872 0.570714 0.286943 0.570825 0.287817 0.575414 0.295102
0.567566 0.283662 0.570381 0.277374 0.570413 0.277276 0.567229 0.276437 0.575414 0.295102 0.575554 0.281304
0.534888 0.368582 0.560595 0.287725 0.575414 0.295102 0.534772 0.371341 0.535762 0.368732 0.565672 0.285923
0.570714 0.286943 0.575414 0.295102 0.576313 0.276086 0.570338 0.287174 0.570896 0.286926 0.576246 0.276803
0.570714 0.286943 0.571269 0.291478 0.570896 0.286926 0.571123 0.278202 0.573406 0.289537 0.575414 0.295102
0.570846 0.295759 0.576146 0.292155 0.571998 0.298243 0.575414 0.295102 0.575506 0.292869 0.575987 0.292863
0.568698 0.275605 0.568795 0.277007 0.573623 0.282186 0.567578 0.278123 0.568819 0.279756 0.575414 0.295102
0.575414 0.295102 0.571239 0.286229 0.571838 0.295529 0.578361 0.292587 0.580371 0.294522 0.604603 0.289797
0.573281 0.282707 0.573772 0.280943 0.575303 0.280806 0.576246 0.276803 0.567946 0.284464 0.575414 0.295102
0.571838 0.295529 0.573316 0.292898 0.577274 0.295959 0.582313 0.292373 0.571735 0.291688 0.575414 0.295102
0.571826 0.293292 0.571861 0.293452 0.575414 0.295102 0.575987 0.292863 0.573319 0.293133 0.576348 0.291171
0 1 0.564697 0.286509 0.566566 0.28594 0.533043 0.388479 0.556394 0.286805 0.563641 0.2894 0.575414 0.295102
0.57159 0.286744 0.57137 0.286353 0.575414 0.295102 0.576313 0.276086 0.578952 0.28089 0.579203 0.295858 0.5794 0.283701
0.570314 0.289893 0.573076 0.289425 0.573324 0.290456 0.575414 0.295102 0.57137 0.286353 0.573342 0.2904 0.582147 0.28789
0.57085 0.278435 0.57214 0.284988 0.575303 0.280806 0.573328 0.283212 0.574511 0.300022 0.575414 0.295102 0.578952 0.28089
0.534776 0.367525 0.556908 0.285965 0.570215 0.28892 0.575414 0.295102 0.55029 0.28337 0.567938 0.292035 0.570225 0.291314
0.553997 0.296624 0.566566 0.28594 0.566807 0.286917 0.560692 0.279542 0.565637 0.29026 0.57159 0.286744 0.575414 0.295102
0.556908 0.285965 0.565205 0.28484 0.574029 0.285996 0.556681 0.285871 0.558603 0.28455 0.565702 0.289915 0.575414 0.295102
0.556908 0.285965 0.558295 0.28027 0.565702 0.289915 0.573348 0.286133 0.559526 0.286772 0.57159 0.286744 0.575414 0.295102
0.559432 0.28709 0.568828 0.287233 0.563963 0.286804 0.565434 0.282124 0.565702 0.289915 0.572151 0.28617 0.575414 0.295102
0.570846 0.295759 0.575414 0.295102 0.569591 0.293787 0.571827 0.291546 0.57195 0.295614 0.573259 0.29314 0.575506 0.292869
0.571239 0.290425 0.571616 0.29018 0.572717 0.289116 0.573039 0.286309 0.573278 0.289549 0.575414 0.295102 0.57651 0.289473
0.570469 0.293811 0.572445 0.292047 0.573566 0.290106 0.575414 0.295102 0.571264 0.28653 0.571865 0.290154 0.57715 0.287803
0.571951 0.291048 0.577428 0.287024 0.57103 0.292762 0.575414 0.295102 0.575638 0.291249 0.576128 0.292015 0.57633 0.291603
0.573381 0.268618 0.573792 0.267976 0.57405 0.271507 0.575414 0.295102 0.57924 0.271057 0.574855 0.266784 0.579137 0.277689
0.573643 0.285391 0.572872 0.287269 0.572882 0.29249 0.573566 0.290106 0.573661 0.289509 0.574226 0.28839 0.575414 0.295102
0.575414 0.295102 0.989852 0.220683 0.990853 0.220156 0.992192 0.21986 0.573513 0.31442 0.965295 0.0675205 0.991687 0.21983
0.573797 0.290465 0.571203 0.285778 0.57159 0.286744 0.573527 0.289525 0.573566 0.290106 0.573661 0.289509 0.575414 0.295102
0.573566 0.290106 0.573661 0.289509 0.574333 0.290469 0.575414 0.295102 0.573225 0.290467 0.57352 0.290166 0.573571 0.290894
0.573325 0.283113 0.573792 0.314507 0.573853 0.314454 0.575414 0.295102 0.57074 0.276634 0.573394 0.273908 0.575704 0.282741
0.573225 0.290467 0.57352 0.290166 0.573571 0.290894 0.573566 0.290106 0.573661 0.289509 0.574333 0.290469 0.575414 0.295102
0.575084 0.290221 0.575414 0.295102 0.57264 0.286253 0.572954 0.278522 0.573797 0.314449 0.574919 0.285953 0.576246 0.276803
0.574432 0.300912 0.578563 0.298997 0.575414 0.295102 0.578072 0.29859 0.579572 0.292446 0.581328 0.292322 0.581788 0.292354
0.570831 0.277899 0.572924 0.278091 0.573173 0.28095 0.575414 0.295102 0.590908 0.287533 0.573643 0.285391 0.573772 0.280943
0.570882 0.285964 0.571319 0.291496 0.575414 0.295102 0.578072 0.29859 0.571267 0.291455 0.571269 0.291478 0.573108 0.289927
0.570307 0.295847 0.57219 0.292456 0.573316 0.292898 0.575414 0.295102 0.575506 0.292869 0.570846 0.295759 0.571929 0.293214
0.564225 0.283545 0.568107 0.283645 0.573406 0.289537 0.575414 0.295102 0.571929 0.293214 0.573259 0.29314 0.575662 0.273893
0.561392 0.280736 0.567006 0.285162 0.560031 0.286429 0.565417 0.291349 0.56655 0.285995 0.570225 0.283645 0.575414 0.295102
0.558132 0.290289 0.563991 0.286637 0.572381 0.276184 0.566077 0.270621 0.566566 0.28594 0.567331 0.286793 0.575414 0.295102
0.570413 0.277276 0.571592 0.294481 0.575414 0.295102 0.571139 0.282228 0.578541 0.277994 0.579119 0.275514 0.579258 0.273338
0.571728 0.284394 0.578445 0.283514 0.574311 0.274863 0.575414 0.295102 0.578723 0.281635 0.578832 0.294821 0.580783 0.279598
0.575414 0.295102 0.581857 0.293901 0.585245 0.286027 0.578502 0.286007 0.579032 0.288625 0.579035 0.286483 0.581872 0.272899
0.585068 0.273802 0.586811 0.284548 0.575414 0.295102 0.581849 0.277192 0.583253 0.285256 0.585125 0.285378 0.587783 0.288483
0.573173 0.28095 0.573206 0.281504 0.575414 0.295102 0.576313 0.276086 0.5794 0.283701 0.5699 0.28604 0.57214 0.284988 0.573328 0.283152
0.5699 0.28604 0.571472 0.283512 0.571509 0.279366 0.571724 0.277807 0.572954 0.278522 0.573173 0.28095 0.57329 0.283747 0.575414 0.295102
0.57333 0.290214 0.573331 0.290233 0.57395 0.290771 0.574006 0.2907 0.575414 0.295102 0.573219 0.288628 0.573566 0.290106 0.573937 0.290451
0.573467 0.28962 0.573566 0.290106 0.573583 0.290356 0.575414 0.295102 0.573219 0.288628 0.573937 0.290451 0.57395 0.290771 0.574006 0.2907
0.571203 0.285778 0.57159 0.286744 0.575414 0.295102 0.568828 0.287233 0.570338 0.287174 0.57137 0.286353 0.57139 0.288183 0.57214 0.284988
0.573233 0.284438 0.574646 0.282849 0.575414 0.295102 0.576246 0.276803 0.578683 0.281218 0.5794 0.283701 0.566943 0.282616 0.57214 0.284988
0.570846 0.295759 0.57333 0.290214 0.573937 0.290451 0.564225 0.283545 0.57159 0.286744 0.573345 0.293431 0.573467 0.28962 0.575414 0.295102
0.538008 0.260272 0.557658 0.281009 0.575414 0.295102 0.429301 0.32152 0.538466 0.368797 0.566077 0.280123 0.566463 0.291322 0.56853 0.29144
0.559098 0.282939 0.563624 0.286294 0.563963 0.286804 0.570215 0.28892 0.572151 0.28617 0.559432 0.28709 0.565434 0.282124 0.575414 0.295102
0.567006 0.285162 0.567256 0.291791 0.569451 0.286212 0.570118 0.293412 0.567171 0.288872 0.570226 0.2908 0.57159 0.286744 0.575414 0.295102
0.570663 0.289798 0.570847 0.28841 0.572353 0.291005 0.573039 0.286309 0.573708 0.292132 0.575414 0.295102 0.565702 0.289915 0.573096 0.28609
0.57031 0.292629 0.570846 0.295759 0.571914 0.294722 0.573116 0.29647 0.578443 0.301153 0.571827 0.291546 0.575414 0.295102 0.579292 0.298807
0.57139 0.288183 0.573429 0.290947 0.57159 0.286744 0.572792 0.290272 0.573797 0.290465 0.574804 0.290594 0.575414 0.295102 0.582642 0.288291
0.572113 0.278127 0.57214 0.284988 0.575303 0.280806 0.58184 0.271426 0.581851 0.270243 0.567946 0.284464 0.575414 0.295102 0.576246 0.276803
0.989653 0.219353 0.991522 0.220706 0.991542 0.218339 0.99161 0.216225 0.571938 0.277049 0.575414 0.295102 0.990054 0.218294 0.99076 0.220355
0.572006 0.290139 0.573324 0.290456 0.573331 0.290233 0.573566 0.290106 0.575414 0.295102 0.573219 0.288628 0.57395 0.290771 0.574804 0.290594
0.572988 0.285674 0.576246 0.276803 0.579056 0.27604 0.575084 0.290221 0.575414 0.295102 0.576313 0.276086 0.578543 0.277744 0.578683 0.281218
0.571506 0.289773 0.573321 0.290306 0.573527 0.289525 0.571616 0.29018 0.573566 0.290106 0.573571 0.290894 0.574333 0.290469 0.575414 0.295102
0.569591 0.293787 0.57105 0.291173 0.573708 0.292132 0.574526 0.296442 0.575414 0.295102 0.571735 0.291688 0.571929 0.293214 0.573316 0.292898
0.570663 0.289798 0.573566 0.290106 0.57428 0.289733 0.575414 0.295102 0.570538 0.290292 0.573481 0.289587 0.573797 0.290465 0.574804 0.290594
0.564225 0.283545 0.569591 0.293787 0.572353 0.291005 0.575414 0.295102 0.581788 0.292354 0.573259 0.29314 0.573316 0.292898 0.573868 0.293004
0.538072 0.370792 0.565328 0.278184 0.575414 0.295102 0.534704 0.369632 0.535063 0.36969 0.536148 0.369164 0.538626 0.367546 0.573715 0.293139
0.534776 0.367525 0.56056 0.289116 0.566732 0.293176 0.575414 0.295102 0.559205 0.278409 0.562465 0.295685 0.568479 0.293366 0.568668 0.293289
0.556394 0.286805 0.559205 0.278409 0.564588 0.278283 0.575414 0.295102 0.556298 0.286161 0.560692 0.279542 0.565146 0.290898 0.56655 0.285995
0.568054 0.291199 0.570402 0.294482 0.572313 0.291942 0.575231 0.292317 0.576246 0.276803 0.570218 0.292252 0.572503 0.286467 0.575414 0.295102
0.570226 0.2908 0.574006 0.2907 0.575205 0.286395 0.575414 0.295102 0.570925 0.291454 0.574089 0.29187 0.576049 0.28999 0.576244 0.293924 0.578039 0.287864
0.570401 0.288906 0.573467 0.28962 0.575414 0.295102 0.57676 0.288664 0.569674 0.2916 0.571951 0.291048 0.576401 0.291598 0.57863 0.293143 0.581203 0.291798
0.572239 0.301712 0.573047 0.299373 0.575414 0.295102 0.57775 0.29927 0.571769 0.29715 0.57374 0.314443 0.57666 0.293291 0.579793 0.297606 0.580882 0.299036
0.566566 0.28594 0.573623 0.314489 0.562444 0.278715 0.5643 0.287389 0.564607 0.282155 0.569973 0.293287 0.573679 0.314495 0.575414 0.295102 0.58681 0.287594
0.556824 0.284996 0.55989 0.287045 0.562229 0.290951 0.564639 0.289873 0.564697 0.286509 0.56655 0.285995 0.566566 0.28594 0.566249 0.285805 0.575414 0.295102
0.570825 0.287817 0.573937 0.290033 0.575414 0.295102 0.570783 0.287919 0.57139 0.288183 0.57214 0.284988 0.57307 0.286463 0.573639 0.291153 0.573937 0.290451
0.569899 0.28774 0.571616 0.29018 0.57395 0.290771 0.568382 0.289266 0.570824 0.290597 0.571861 0.293452 0.572781 0.290117 0.575414 0.295102 0.575445 0.285897
0.57139 0.288183 0.571827 0.291546 0.57214 0.284988 0.574029 0.285996 0.576246 0.276803 0.576313 0.276086 0.567946 0.284464 0.57159 0.286744 0.575414 0.295102
0.571606 0.291123 0.573235 0.288893 0.575414 0.295102 0.567076 0.29072 0.569626 0.291612 0.574695 0.287082 0.574866 0.282116 0.581528 0.265751 0.58427 0.287565
0.570118 0.297215 0.574149 0.308216 0.575186 0.291193 0.575414 0.295102 0.579292 0.298807 0.571018 0.298218 0.573116 0.29647 0.573513 0.31442 0.578139 0.291639
0.56856 0.28385 0.569591 0.293787 0.571203 0.285778 0.571951 0.291048 0.573845 0.280921 0.574029 0.285996 0.569943 0.284048 0.571139 0.282228 0.575414 0.295102
0.570663 0.289798 0.570825 0.287817 0.571039 0.290751 0.57159 0.286744 0.575414 0.295102 0.570264 0.291316 0.57139 0.288183 0.571506 0.289773 0.575662 0.273893
0.560181 0.28595 0.560529 0.283631 0.560645 0.284616 0.575414 0.295102 0.563711 0.287495 0.565616 0.290323 0.566431 0.284506 0.566463 0.291322 0.56655 0.285995
0.567285 0.285107 0.573713 0.296489 0.575414 0.295102 0.583951 0.267754 0.593527 0.300795 0.568761 0.277193 0.57772 0.286134 0.584003 0.294539 0.585702 0.277557
0.571827 0.291546 0.602014 0.284599 0.60367 0.301524 0.570118 0.297215 0.573116 0.287242 0.575414 0.295102 0.578443 0.301153 0.578756 0.296328 0.581484 0.296169
0.573116 0.29647 0.573897 0.320448 0.575414 0.295102 0.578873 0.297481 0.579572 0.292446 0.605946 0.292118 0.573202 0.304416 0.573832 0.255685 0.611733 0.281487
0.581865 0.283277 0.582707 0.259789 0.582826 0.28299 0.583835 0.290167 0.590997 0.287464 0.575414 0.295102 0.585966 0.294594 0.587128 0.288484 0.587427 0.285197
0.571276 0.295914 0.571381 0.297157 0.575414 0.295102 0.576132 0.295833 0.569591 0.293787 0.572299 0.295469 0.575336 0.299071 0.577273 0.295901 0.578563 0.298997
0.571239 0.286229 0.571269 0.291478 0.572967 0.293005 0.573238 0.291696 0.576246 0.276803 0.576313 0.276086 0.573039 0.286309 0.573297 0.290061 0.575414 0.295102
0.569528 0.307418 0.573897 0.320448 0.575414 0.295102 0.575726 0.299016 0.576317 0.306347 0.576354 0.298186 0.572275 0.300473 0.573316 0.292898 0.593378 0.297217
0.572173 0.28323 0.57451 0.276746 0.57493 0.276049 0.575303 0.27838 0.575414 0.295102 0.572176 0.283322 0.572694 0.278154 0.573049 0.276 0.574105 0.278018 0.574462 0.314408
0.57159 0.286744 0.573331 0.290233 0.574006 0.2907 0.575414 0.295102 0.57043 0.286866 0.571579 0.289862 0.571969 0.289736 0.572164 0.286708 0.573566 0.290106 0.573937 0.290451
0.571865 0.290154 0.573566 0.290106 0.574333 0.290469 0.57902 0.289405 0.570663 0.289798 0.57159 0.286744 0.571616 0.29018 0.57352 0.290166 0.573571 0.290894 0.575414 0.295102
0.5699 0.28604 0.57374 0.314443 0.581168 0.279661 0.571762 0.277471 0.572988 0.285674 0.574964 0.264636 0.575414 0.295102 0.577104 0.277978 0.579028 0.281151 0.580605 0.279836
0.568897 0.287683 0.571426 0.2902 0.571616 0.29018 0.572967 0.293005 0.573535 0.290388 0.584003 0.294539 0.571203 0.285778 0.57159 0.286744 0.571969 0.289736 0.575414 0.295102
0.572283 0.25799 0.572458 0.25939 0.575414 0.295102 0.575701 0.25395 0.567988 0.281139 0.570383 0.279819 0.570492 0.278877 0.570644 0.257501 0.575932 0.252577 0.576272 0.280253
0.572556 0.289673 0.573467 0.28962 0.573557 0.289975 0.573566 0.290106 0.575414 0.295102 0.570538 0.290292 0.571616 0.29018 0.573331 0.290233 0.57352 0.290166 0.573809 0.290406
0.570824 0.290597 0.575414 0.295102 0.583985 0.291186 0.58615 0.306678 0.58983 0.287587 0.582953 0.285823 0.584003 0.294539 0.584668 0.284788 0.586471 0.277423 0.591134 0.288323
0.558917 0.285898 0.559227 0.284404 0.566566 0.28594 0.566807 0.286917 0.566854 0.277531 0.567409 0.275649 0.563886 0.288883 0.566676 0.287507 0.56902 0.286278 0.575414 0.295102
0.567477 0.276872 0.569001 0.292137 0.570389 0.277672 0.575414 0.295102 0.577197 0.281655 0.57819 0.277102 0.571139 0.282228 0.572917 0.278033 0.576404 0.282638 0.578541 0.277994
0.570662 0.293545 0.571827 0.291546 0.572127 0.29253 0.573997 0.290918 0.575658 0.292852 0.573663 0.293096 0.573708 0.292132 0.574526 0.296442 0.575414 0.295102 0.575993 0.290157
0.573708 0.292132 0.574333 0.290469 0.575414 0.295102 0.571865 0.290154 0.573076 0.289425 0.573219 0.288628 0.57352 0.290166 0.573571 0.290894 0.573797 0.290465 0.575662 0.273893
0.572967 0.293005 0.573345 0.293431 0.574149 0.308216 0.570118 0.297215 0.570307 0.295847 0.571151 0.300566 0.573316 0.292898 0.573577 0.291164 0.573868 0.293004 0.575414 0.295102
0.570925 0.291454 0.573316 0.292898 0.568041 0.290043 0.571151 0.300566 0.573477 0.314475 0.575414 0.295102 0.575595 0.292087 0.578443 0.301153 0.585517 0.292095 0.604747 0.289877
0.564225 0.283545 0.568499 0.294685 0.571914 0.294722 0.571954 0.295529 0.569591 0.293787 0.570118 0.297215 0.571827 0.291546 0.573316 0.292898 0.575414 0.295102 0.579086 0.282237
0.53705 0.373113 0.566566 0.28594 0.573481 0.314417 0.573853 0.314454 0.57391 0.31446 0.575414 0.295102 0.430211 0.321108 0.534704 0.369632 0.535063 0.36969 0.56655 0.285995 0.573736 0.314501
0.554489 0.29278 0.569349 0.289981 0.573477 0.314475 0.573683 0.314437 0.575414 0.295102 0.585771 0.29483 0.557039 0.28708 0.560645 0.284616 0.56655 0.285995 0.566566 0.28594 0.574296 0.289958
0.570825 0.287817 0.57159 0.286744 0.573039 0.286309 0.575205 0.286395 0.5794 0.283701 0.567946 0.284464 0.571087 0.286865 0.571239 0.286229 0.57137 0.286353 0.57214 0.284988 0.575414 0.295102
0.567946 0.284464 0.575414 0.295102 0.57744 0.282006 0.581857 0.293901 0.57214 0.284988 0.573242 0.28434 0.574646 0.282849 0.576246 0.276803 0.576272 0.27534 0.578773 0.27611 0.581808 0.274439
0.570338 0.287174 0.570825 0.287817 0.571269 0.291478 0.57159 0.286744 0.57214 0.284988 0.573772 0.280943 0.567946 0.284464 0.57139 0.288183 0.57279 0.286193 0.575414 0.295102 0.578543 0.277744
0.571039 0.290751 0.57139 0.288183 0.572353 0.291005 0.573333 0.290261 0.573937 0.290033 0.575414 0.295102 0.57137 0.286353 0.574063 0.28605 0.574564 0.28848 0.574804 0.290594 0.579032 0.288625
0.55837 0.278617 0.560554 0.279933 0.563111 0.274272 0.56609 0.279463 0.566566 0.28594 0.566962 0.284706 0.575414 0.295102 0.564428 0.279469 0.566349 0.285332 0.56655 0.285995 0.567409 0.275649
0.567171 0.288872 0.571203 0.285778 0.57159 0.286744 0.571969 0.289736 0.573333 0.290261 0.573758 0.292791 0.575414 0.295102 0.57101 0.290301 0.571616 0.29018 0.572313 0.291942 0.57772 0.286134
0.571616 0.29018 0.573331 0.290233 0.573791 0.290039 0.57395 0.290771 0.575414 0.295102 0.569194 0.29324 0.573013 0.289112 0.573219 0.288628 0.573429 0.290947 0.573566 0.290106 0.58427 0.287565
0.572399 0.291783 0.574489 0.295486 0.579571 0.345664 0.606283 0.289383 0.570876 0.300573 0.57219 0.292456 0.575414 0.295102 0.57688 0.292723 0.578081 0.297634 0.592146 0.291016 0.612927 0.29645
0.57351 0.323005 0.573566 0.314484 0.573832 0.255685 0.579086 0.282237 0.605944 0.29739 0.608366 0.29858 0.613033 0.299234 0.624677 0.305237 0.575414 0.295102 0.604763 0.292351 0.604801 0.307086
0.55747 0.28666 0.561425 0.290664 0.575414 0.295102 0.534776 0.367525 0.535762 0.368732 0.536148 0.369164 0.562037 0.281487 0.566235 0.291973 0.56655 0.285995 0.567409 0.275649 0.573484 0.313901
0.570846 0.295759 0.571663 0.295623 0.571827 0.291546 0.572716 0.301 0.575758 0.278278 0.570103 0.291807 0.572617 0.302408 0.573202 0.304416 0.575414 0.295102 0.575797 0.295291 0.582769 0.296008
0.569181 0.287822 0.570367 0.29031 0.572283 0.289782 0.573699 0.294974 0.573987 0.289929 0.571155 0.289298 0.573077 0.288636 0.575414 0.295102 0.578066 0.288514 0.57816 0.288492 0.586121 0.28758
0.570197 0.289847 0.570846 0.295759 0.571269 0.291478 0.571914 0.294722 0.573116 0.29647 0.569591 0.293787 0.570925 0.291454 0.57195 0.295614 0.573868 0.293004 0.575414 0.295102 0.576202 0.292837
0.570846 0.295759 0.571827 0.291546 0.573238 0.291696 0.569591 0.293787 0.570103 0.291807 0.57105 0.291173 0.572048 0.298259 0.575414 0.295102 0.575506 0.292869 0.578237 0.29716 0.578756 0.296328
0.570678 0.292602 0.572882 0.29249 0.573345 0.293431 0.575414 0.295102 0.576132 0.295833 0.579854 0.304939 0.572048 0.298259 0.573238 0.291696 0.576345 0.312605 0.578237 0.29716 0.581151 0.298041
0.557767 0.281947 0.573853 0.314454 0.575414 0.295102 0.575507 0.278636 0.576813 0.277752 0.577381 0.276588 0.568595 0.278056 0.570032 0.279583 0.5732 0.281887 0.573627 0.314431 0.573962 0.314524
0.534016 0.371719 0.534704 0.369632 0.537221 0.370147 0.537929 0.371521 0.535716 0.369701 0.535733 0.369912 0.53581 0.369427 0.535881 0.368395 0.537196 0.37061 0.543368 0.482848 0.575414 0.295102
0.567181 0.282126 0.568441 0.278696 0.575193 0.269294 0.575457 0.268556 0.584964 0.287595 0.585834 0.294833 0.56655 0.285995 0.56741 0.289664 0.573235 0.288893 0.574097 0.272236 0.575414 0.295102
0.572113 0.278127 0.57214 0.284988 0.572692 0.294976 0.573772 0.280943 0.571592 0.294481 0.574918 0.294476 0.575256 0.275962 0.575414 0.295102 0.576246 0.276803 0.57774 0.283712 0.578543 0.277744
0.569591 0.293787 0.57005 0.304667 0.572299 0.295469 0.573316 0.292898 0.573868 0.293004 0.575506 0.292869 0.569449 0.305231 0.572068 0.295492 0.572072 0.298802 0.575414 0.295102 0.576202 0.292837
0.569591 0.293787 0.571827 0.291546 0.575414 0.295102 0.577729 0.287129 0.564225 0.283545 0.569523 0.294543 0.569661 0.293952 0.57673 0.292199 0.577099 0.293498 0.578939 0.295576 0.585905 0.294779
0.556908 0.285965 0.561027 0.283374 0.567006 0.285162 0.570197 0.289847 0.571642 0.283781 0.572894 0.292703 0.575414 0.295102 0.566152 0.290866 0.567939 0.291887 0.568386 0.287162 0.568517 0.286947
0.581725 0.285043 0.581803 0.276072 0.581872 0.272899 0.582076 0.286756 0.582417 0.266491 0.583311 0.281438 0.584484 0.286646 0.586471 0.277423 0.575414 0.295102 0.576769 0.288664 0.587741 0.282059
0.428973 0.321468 0.558295 0.28027 0.571005 0.277842 0.572249 0.293175 0.573757 0.292776 0.575603 0.26688 0.582343 0.28688 0.992943 0.217387 1 0.0890516 0.561369 0.289011 0.575414 0.295102 0.604973 0.295608
0.569194 0.29324 0.57137 0.286353 0.57139 0.288183 0.571995 0.289724 0.57214 0.284988 0.573937 0.290451 0.582914 0.289667 0.57042 0.293811 0.57101 0.290301 0.57395 0.290771 0.574006 0.2907 0.575414 0.295102
0.571203 0.285778 0.57139 0.288183 0.57329 0.283747 0.575414 0.295102 0.576313 0.276086 0.5794 0.283701 0.5699 0.28604 0.570338 0.287174 0.571239 0.286229 0.57137 0.286353 0.57214 0.284988 0.576246 0.276803
0.557658 0.281009 0.566566 0.28594 0.567929 0.291986 0.570215 0.28892 0.353439 0.527479 0.55029 0.28337 0.565848 0.276372 0.56655 0.285995 0.571968 0.283266 0.573849 0.314512 0.575414 0.295102 0.582814 0.291743
0.549095 0.26826 0.553879 0.279864 0.561533 0.281578 0.573477 0.314475 0.57357 0.314426 0.573792 0.314507 0.573967 0.314466 0.575414 0.295102 0.585619 0.29482 0.58575 0.309894 0.571968 0.283266 0.573962 0.314524
0.570663 0.289798 0.57139 0.288183 0.571826 0.293292 0.57332 0.286579 0.575414 0.295102 0.571586 0.290213 0.57159 0.286744 0.573219 0.288628 0.573319 0.293133 0.576527 0.28859 0.578502 0.286007 0.579032 0.288625
0.569194 0.29324 0.57139 0.288183 0.57214 0.284988 0.573219 0.288628 0.573937 0.290451 0.57395 0.290771 0.574804 0.290594 0.570663 0.289798 0.571253 0.286396 0.573566 0.290106 0.574735 0.288986 0.575414 0.295102
0.570068 0.278158 0.570926 0.287096 0.570968 0.292268 0.571592 0.294481 0.574511 0.300022 0.578664 0.285177 0.570728 0.28789 0.573245 0.282483 0.575204 0.26975 0.575414 0.295102 0.576313 0.276086 0.57788 0.282956
0.571039 0.290751 0.573937 0.290451 0.574564 0.28848 0.573331 0.290233 0.57352 0.290166 0.573566 0.290106 0.573571 0.290894 0.573797 0.290465 0.57395 0.290771 0.574333 0.290469 0.574804 0.290594 0.575414 0.295102
0.429301 0.32152 0.534042 0.371564 0.534608 0.370377 0.534704 0.369632 0.537047 0.372132 0.576242 0.276224 0.538626 0.367546 0.560554 0.279933 0.566566 0.28594 0.573477 0.314475 0.57357 0.314426 0.575414 0.295102
0.535716 0.369701 0.537196 0.37061 0.537221 0.370147 0.537238 0.371663 0.543368 0.482848 0.573627 0.314431 0.585202 0.294756 0.533043 0.388479 0.53705 0.373113 0.53752 0.371427 0.573477 0.314475 0.575414 0.295102
0.5726 0.278427 0.572954 0.278522 0.576684 0.292075 0.581806 0.275582 0.569854 0.279589 0.572596 0.278369 0.572924 0.278091 0.575414 0.295102 0.576246 0.276803 0.577971 0.257479 0.578311 0.27216 0.579273 0.279541
0.536754 0.277513 0.561533 0.281578 0.562494 0.286352 0.566566 0.28594 0.575414 0.295102 0.556534 0.284637 0.561471 0.287563 0.562037 0.281487 0.564569 0.287528 0.565993 0.286981 0.56655 0.285995 0.569395 0.289595
0.570141 0.292315 0.570657 0.293809 0.571239 0.290425 0.571951 0.291048 0.57214 0.284988 0.574193 0.294158 0.575503 0.286003 0.569925 0.292979 0.570445 0.287834 0.575414 0.295102 0.57651 0.289473 0.579989 0.285856
0.569591 0.293787 0.573316 0.292898 0.575307 0.298996 0.575414 0.295102 0.575681 0.295999 0.577974 0.299057 0.579009 0.294684 0.579086 0.282237 0.570816 0.299429 0.57231 0.295734 0.573075 0.297222 0.573897 0.300675
0.567584 0.283291 0.568819 0.279756 0.569489 0.282097 0.56972 0.285257 0.571831 0.281826 0.578678 0.293471 0.571115 0.284641 0.571139 0.282228 0.573323 0.283085 0.575414 0.295102 0.575694 0.282798 0.577197 0.281655
0.571373 0.299423 0.572665 0.299376 0.573631 0.291038 0.574045 0.300564 0.575595 0.292087 0.569591 0.293787 0.572911 0.325068 0.573316 0.292898 0.575414 0.295102 0.576202 0.292837 0.57968 0.296749 0.585118 0.295294
0.569367 0.283296 0.5699 0.28604 0.57159 0.286744 0.567946 0.284464 0.57043 0.286866 0.571203 0.285778 0.576313 0.276086 0.57214 0.284988 0.573173 0.28095 0.573242 0.28434 0.574646 0.282849 0.575414 0.295102 0.576272 0.27534
0.570663 0.289798 0.572786 0.290189 0.573467 0.28962 0.573566 0.290106 0.575414 0.295102 0.570825 0.287817 0.577986 0.287465 0.57101 0.290301 0.571426 0.2902 0.571616 0.29018 0.573331 0.290233 0.573937 0.290451 0.574006 0.2907
0.56655 0.285995 0.573513 0.31442 0.573566 0.314484 0.573623 0.314489 0.42977 0.323215 0.429925 0.323592 0.575414 0.295102 0.573477 0.314475 0.573509 0.314478 0.573792 0.314507 0.573849 0.314512 0.573853 0.314454 0.57391 0.31446
0.55747 0.28666 0.567983 0.285834 0.569395 0.289595 0.575414 0.295102 0.575792 0.292171 0.58575 0.309894 0.568683 0.291283 0.534776 0.367525 0.557039 0.28708 0.557905 0.281592 0.560645 0.284616 0.565936 0.285067 0.56655 0.285995
0.566254 0.307284 0.569449 0.305231 0.570118 0.297215 0.570851 0.299508 0.5714 0.292622 0.571998 0.298243 0.577652 0.295043 0.573003 0.293095 0.575414 0.295102 0.576828 0.29522 0.583464 0.299485 0.568164 0.29855 0.573683 0.314437
0.566254 0.307284 0.573116 0.29647 0.574412 0.306338 0.575307 0.298996 0.575414 0.295102 0.580087 0.351319 0.593378 0.297217 0.608848 0.3013 0.565614 0.312015 0.571162 0.28528 0.573849 0.314512 0.577974 0.299057 0.578443 0.301153
0.57042 0.293811 0.571914 0.294722 0.571929 0.293214 0.573259 0.29314 0.573829 0.295812 0.575595 0.292087 0.575681 0.295999 0.57735 0.299687 0.570851 0.299508 0.572882 0.29249 0.573316 0.292898 0.573868 0.293004 0.575414 0.295102
0.575414 0.295102 0.582649 0.268731 0.583985 0.291186 0.58401 0.294481 0.584701 0.290517 0.587261 0.28456 0.58933 0.291115 0.58892 0.294117 0.581545 0.289981 0.582854 0.282077 0.583292 0.286429 0.583583 0.276886 0.584003 0.294539
0.42977 0.323215 0.534835 0.369172 0.534936 0.368594 0.535626 0.370583 0.53812 0.370804 0.575414 0.295102 0.53752 0.371427 0.429467 0.321588 0.429842 0.322781 0.534704 0.369632 0.534776 0.367525 0.535233 0.371738 0.537062 0.369437
0.534491 0.370794 0.536148 0.369164 0.537929 0.371521 0.559382 0.285901 0.563105 0.290776 0.563888 0.283629 0.56655 0.285995 0.564697 0.286509 0.566566 0.28594 0.567285 0.285107 0.575414 0.295102 0.536216 0.368851 0.55846 0.288078
0.430347 0.317655 0.570549 0.291734 0.572911 0.325068 0.573477 0.314475 0.573669 0.309675 0.575414 0.295102 0.608366 0.29858 0.576354 0.298186 0.579292 0.298807 0.607728 0.288648 0.566566 0.28594 0.569473 0.292282 0.571827 0.291546
0.535063 0.36969 0.537929 0.371521 0.564362 0.287136 0.566249 0.285805 0.567398 0.286598 0.568696 0.291273 0.575414 0.295102 0.535705 0.274829 0.559392 0.286611 0.560595 0.287725 0.564756 0.284308 0.566566 0.28594 0.567081 0.289086
0.557658 0.281009 0.565672 0.285923 0.565936 0.285067 0.566162 0.291099 0.56655 0.285995 0.566566 0.28594 0.575414 0.295102 0.568696 0.291273 0.568765 0.288104 0.566807 0.286917 0.566961 0.286335 0.567257 0.291454 0.567398 0.286598
0.569591 0.293787 0.570118 0.297215 0.571151 0.300566 0.572048 0.298259 0.573868 0.293004 0.574023 0.29306 0.578636 0.300005 0.574119 0.304314 0.575414 0.295102 0.575506 0.292869 0.570404 0.299939 0.573116 0.29647 0.573699 0.294974
0.571762 0.277471 0.572166 0.28315 0.572908 0.277877 0.574462 0.314408 0.575414 0.295102 0.575554 0.281304 0.581168 0.279661 0.579028 0.281151 0.579554 0.284831 0.581165 0.279797 0.573067 0.296474 0.57374 0.314443 0.577104 0.277978
0.570739 0.294252 0.572381 0.301482 0.575186 0.291193 0.580882 0.299036 0.569661 0.293952 0.570118 0.297215 0.584025 0.303334 0.570145 0.294971 0.570869 0.301123 0.573477 0.314475 0.573623 0.314489 0.575414 0.295102 0.57666 0.293291
0.570663 0.289798 0.570728 0.28789 0.57159 0.286744 0.574226 0.28839 0.574735 0.288986 0.575414 0.295102 0.573643 0.285391 0.57742 0.291796 0.575993 0.290157 0.571426 0.2902 0.57214 0.284988 0.572265 0.287322 0.573451 0.290905 0.5736 0.290958
0.570825 0.287817 0.570845 0.288418 0.57159 0.286744 0.572164 0.286708 0.574063 0.28605 0.575414 0.295102 0.573693 0.292598 0.574063 0.28605 0.579032 0.288625 0.570313 0.288942 0.571087 0.286865 0.571203 0.285778 0.57139 0.288183 0.57279 0.286193
0.535705 0.274829 0.55747 0.28666 0.55846 0.288078 0.562934 0.284739 0.563759 0.287403 0.566676 0.287507 0.566566 0.28594 0.567959 0.290681 0.569349 0.289981 0.575414 0.295102 0.553997 0.296624 0.556908 0.285965 0.557658 0.281009 0.56056 0.289116
0.430144 0.322951 0.534016 0.371719 0.535114 0.369533 0.557658 0.281009 0.566566 0.28594 0.573481 0.314417 0.57159 0.286744 0.573683 0.314437 0.57357 0.314426 0.574132 0.314541 0.575414 0.295102 0.534042 0.371564 0.564569 0.287528 0.56655 0.285995
0.557658 0.281009 0.558652 0.279031 0.56056 0.289116 0.564639 0.289873 0.56655 0.285995 0.566566 0.28594 0.573683 0.314437 0.575414 0.295102 0.568785 0.280677 0.570215 0.28892 0.538008 0.260272 0.556051 0.284941 0.560554 0.279933 0.563624 0.286294
0.569694 0.289019 0.573238 0.291696 0.573832 0.255685 0.574341 0.298253 0.578764 0.29493 0.584644 0.295252 0.57846 0.293186 0.579572 0.292446 0.60367 0.301524 0.566236 0.310885 0.573116 0.29647 0.573116 0.287242 0.573202 0.304416 0.575414 0.295102
0.568498 0.292802 0.57159 0.286744 0.574027 0.290981 0.575414 0.295102 0.576128 0.292015 0.576373 0.288581 0.579313 0.293594 0.579656 0.290892 0.577887 0.285523 0.571426 0.2902 0.571628 0.292119 0.57264 0.286253 0.574029 0.285996 0.577793 0.287749
0.573219 0.288628 0.57332 0.286579 0.575713 0.286329 0.571165 0.290681 0.571203 0.285778 0.57159 0.286744 0.574333 0.290469 0.575414 0.295102 0.573324 0.290456 0.57333 0.290214 0.57352 0.290166 0.573566 0.290106 0.573571 0.290894 0.573577 0.290273
0.573481 0.314417 0.575414 0.295102 0.58344 0.280399 0.58401 0.294481 0.58466 0.294765 0.585313 0.294825 0.585004 0.286862 0.585548 0.294816 0.585323 0.294267 0.581945 0.264393 0.582605 0.291214 0.583292 0.286429 0.584488 0.294792 0.584668 0.284788
0.571827 0.291546 0.573316 0.292898 0.573897 0.300675 0.574076 0.314535 0.575336 0.299071 0.579527 0.296718 0.579854 0.304939 0.581739 0.29598 0.57231 0.295734 0.573683 0.314437 0.573871 0.307305 0.573897 0.320448 0.575414 0.295102 0.57704 0.295849
0.570264 0.287521 0.571628 0.292119 0.572783 0.286155 0.575503 0.286003 0.577428 0.287024 0.570226 0.2908 0.585248 0.294819 0.586121 0.28758 0.571334 0.291165 0.571419 0.287828 0.571507 0.289288 0.575414 0.295102 0.577887 0.285523 0.578074 0.288111
0.537147 0.370598 0.572113 0.278127 0.572151 0.282457 0.572954 0.278522 0.573245 0.282483 0.574723 0.279056 0.576246 0.276803 0.576313 0.276086 0.574839 0.26545 0.57584 0.278294 0.567946 0.284464 0.57214 0.284988 0.572268 0.284104 0.575414 0.295102
0.568952 0.292145 0.569203 0.274731 0.570767 0.28122 0.574759 0.282506 0.576541 0.280123 0.578664 0.285177 0.576207 0.277249 0.576793 0.283312 0.568761 0.277193 0.571612 0.285293 0.573007 0.285417 0.575053 0.281548 0.575414 0.295102 0.575694 0.282798
0.566566 0.28594 0.569591 0.293787 0.57195 0.295614 0.572845 0.301812 0.573113 0.300278 0.574475 0.300662 0.57391 0.31446 0.578072 0.29859 0.580838 0.295809 0.575414 0.295102 0.575774 0.296207 0.577274 0.295959 0.578538 0.298994 0.572617 0.302408 0.573075 0.297222
0.571616 0.29018 0.572967 0.293005 0.57307 0.286463 0.573797 0.290465 0.57395 0.290771 0.57673 0.292199 0.573566 0.290106 0.573661 0.289509 0.575414 0.295102 0.579032 0.288625 0.58321 0.287194 0.534776 0.367525 0.572274 0.289638 0.573527 0.289525 0.573557 0.289975
0.559438 0.284604 0.56174 0.280944 0.562497 0.286562 0.565848 0.276372 0.565979 0.279662 0.566232 0.28586 0.565486 0.277654 0.566566 0.28594 0.582593 0.286849 0.575414 0.295102 0.557604 0.282598 0.558536 0.278465 0.560529 0.283631 0.565146 0.290898 0.565213 0.27978
0.429842 0.322781 0.534608 0.370377 0.534704 0.369632 0.537221 0.370147 0.537238 0.371663 0.53727 0.370158 0.566249 0.285805 0.566566 0.28594 0.575414 0.295102 0.561732 0.281105 0.533043 0.388479 0.534016 0.371719 0.53859 0.367756 0.556217 0.285676 0.563209 0.281599
0.569142 0.281598 0.572155 0.282533 0.573326 0.294127 0.573394 0.273908 0.575414 0.295102 0.576207 0.277249 0.570044 0.281399 0.577055 0.283224 0.580371 0.294522 0.567584 0.283291 0.567944 0.284405 0.56807 0.285802 0.568431 0.28228 0.569376 0.286182 0.56972 0.285257
0.568726 0.304595 0.569591 0.293787 0.571151 0.300566 0.571521 0.300338 0.572127 0.29253 0.575414 0.295102 0.573116 0.29647 0.576146 0.292155 0.578072 0.29859 0.575506 0.292869 0.579086 0.282237 0.582991 0.318908 0.570725 0.293408 0.570925 0.291454 0.571914 0.294722
0.570422 0.299885 0.570709 0.276488 0.572535 0.297395 0.573316 0.292898 0.573699 0.294974 0.573738 0.298381 0.573577 0.291164 0.573683 0.314437 0.575414 0.295102 0.575428 0.277353 0.576146 0.292155 0.578563 0.298997 0.570846 0.295759 0.57219 0.292456 0.573116 0.29647
0.565452 0.291255 0.566869 0.279322 0.569007 0.276167 0.573747 0.264656 0.575047 0.269229 0.575414 0.295102 0.574616 0.267046 0.57533 0.26613 0.575507 0.278636 0.579982 0.266465 0.565464 0.279796 0.567251 0.276908 0.568664 0.276528 0.569621 0.277483 0.573792 0.267976
0.564225 0.283545 0.570725 0.293408 0.573319 0.293133 0.573631 0.291038 0.575595 0.292087 0.575987 0.292863 0.573868 0.293004 0.575414 0.295102 0.577274 0.295959 0.569591 0.293787 0.570678 0.292602 0.571861 0.293452 0.571865 0.294723 0.572299 0.295469 0.573316 0.292898
0.569194 0.29324 0.573451 0.290905 0.573566 0.290106 0.573937 0.290451 0.564919 0.287537 0.570663 0.289798 0.57352 0.290166 0.573571 0.290894 0.574006 0.2907 0.575414 0.295102 0.571203 0.285778 0.57159 0.286744 0.571616 0.29018 0.572786 0.290189 0.573324 0.290456 0.573331 0.290233
0.575414 0.295102 0.582679 0.282583 0.583637 0.265793 0.584159 0.294766 0.585256 0.29482 0.585551 0.294758 0.58455 0.292671 0.585931 0.294781 0.586485 0.302699 0.587465 0.290334 0.58595 0.294782 0.58933 0.291115 0.573713 0.296489 0.576813 0.277752 0.58401 0.294481 0.584033 0.29117
0.566566 0.28594 0.573067 0.296474 0.573513 0.31442 0.573746 0.282859 0.575447 0.281313 0.57819 0.277102 0.574273 0.283149 0.575414 0.295102 0.576769 0.288664 0.579814 0.27056 0.567477 0.276872 0.567972 0.282257 0.569612 0.276242 0.570208 0.278229 0.572908 0.270684 0.573477 0.314475
0.565936 0.285067 0.566249 0.285805 0.56655 0.285995 0.567606 0.286003 0.572387 0.290158 0.573962 0.314524 0.566566 0.28594 0.567006 0.285162 0.567983 0.285834 0.575414 0.295102 0.553997 0.296624 0.556824 0.284996 0.557594 0.284442 0.562404 0.286627 0.564697 0.286509 0.566232 0.28586
0.558125 0.28388 0.570258 0.290321 0.570825 0.287817 0.57159 0.286744 0.573278 0.289549 0.575414 0.295102 0.574984 0.29085 0.578066 0.288514 0.579391 0.289486 0.584086 0.294552 0.575638 0.291249 0.577887 0.285523 0.580454 0.288905 0.568382 0.289266 0.571827 0.291546 0.571951 0.291048
0.567503 0.276248 0.569392 0.286188 0.570068 0.278158 0.571923 0.259121 0.57451 0.276746 0.574964 0.264636 0.571115 0.284641 0.571261 0.278008 0.572694 0.278154 0.573566 0.314484 0.575303 0.27838 0.575414 0.295102 0.575457 0.268556 0.580855 0.275083 0.568761 0.277193 0.570539 0.284559
0.534016 0.371719 0.534776 0.367525 0.535114 0.369533 0.566566 0.28594 0.573509 0.314478 0.573736 0.314501 0.573853 0.314454 0.575414 0.295102 0.575931 0.278372 0.585182 0.294813 0.574132 0.314541 0.584259 0.294579 0.585271 0.294763 0.534835 0.369172 0.535733 0.369912 0.535881 0.368395
0.575414 0.295102 0.576471 0.282156 0.581897 0.289611 0.583311 0.281438 0.583536 0.276962 0.584188 0.294509 0.584027 0.266305 0.584478 0.294613 0.584639 0.285049 0.585256 0.29482 0.584191 0.289833 0.584737 0.294715 0.584762 0.290299 0.581945 0.264393 0.583292 0.286429 0.583508 0.266803
0.573718 0.293198 0.580038 0.285847 0.583533 0.29515 0.584003 0.294539 0.585208 0.290555 0.585551 0.294758 0.585899 0.294837 0.58728 0.289872 0.587465 0.290334 0.590891 0.289756 0.592108 0.290936 0.585948 0.29484 0.575414 0.295102 0.582882 0.291743 0.58401 0.294481 0.584452 0.276138 0.584613 0.276135
0.558258 0.284236 0.559245 0.285225 0.560753 0.28551 0.56184 0.287619 0.565444 0.294715 0.566566 0.28594 0.562302 0.285992 0.563735 0.285794 0.564172 0.292015 0.56655 0.285995 0.566676 0.287507 0.575414 0.295102 0.558118 0.284526 0.558777 0.285335 0.559565 0.284196 0.560196 0.283241 0.562231 0.286736
0.56655 0.285995 0.572103 0.275974 0.573683 0.314437 0.576174 0.271771 0.576785 0.270591 0.578193 0.276046 0.573781 0.274031 0.574144 0.275602 0.575193 0.269294 0.575414 0.295102 0.579814 0.27056 0.58133 0.275649 0.581455 0.280757 0.557767 0.281947 0.569997 0.275872 0.572012 0.25902 0.573477 0.314475
0.568877 0.276647 0.569943 0.284048 0.570389 0.277672 0.57107 0.278263 0.571709 0.283741 0.572154 0.282591 0.568689 0.279872 0.569395 0.280077 0.574105 0.278018 0.574616 0.267046 0.581803 0.276072 0.572166 0.28315 0.573781 0.274031 0.574679 0.267135 0.575414 0.295102 0.577381 0.276588 0.579982 0.266465
0.57195 0.295614 0.572299 0.295469 0.573316 0.292898 0.574119 0.304314 0.575414 0.295102 0.604801 0.307086 0.573116 0.29647 0.573116 0.287242 0.573832 0.255685 0.575987 0.292863 0.604875 0.290082 0.611733 0.281487 0.566254 0.307284 0.569449 0.305231 0.570118 0.297215 0.571381 0.297157 0.572113 0.301198
0.566198 0.283598 0.567569 0.278657 0.568479 0.282265 0.571261 0.278008 0.571811 0.276355 0.572176 0.283322 0.568588 0.279124 0.568633 0.278119 0.569621 0.277483 0.570208 0.278229 0.571229 0.276972 0.575414 0.295102 0.572694 0.278154 0.573067 0.296474 0.577197 0.281655 0.58572 0.285302 0.567566 0.283662 0.567584 0.283291
0.556217 0.285676 0.559931 0.28022 0.56138 0.282239 0.561595 0.281542 0.561732 0.281105 0.563176 0.280364 0.57068 0.288681 0.575414 0.295102 0.56174 0.280944 0.564733 0.281083 0.566249 0.285805 0.56655 0.285995 0.567003 0.285104 0.564818 0.281868 0.56609 0.279463 0.566232 0.28586 0.566566 0.28594 0.56686 0.275777 0.569302 0.285537
0.559983 0.2841 0.560529 0.283631 0.56083 0.279045 0.562831 0.276553 0.564552 0.284894 0.565631 0.268385 0.577363 0.281445 0.558293 0.28412 0.560048 0.286374 0.56655 0.285995 0.566566 0.28594 0.566707 0.278026 0.567003 0.285104 0.566232 0.28586 0.566838 0.277586 0.575414 0.295102 0.576248 0.287384 0.555682 0.294171 0.557693 0.285837
0.558502 0.287739 0.559848 0.28984 0.561425 0.290664 0.56184 0.287619 0.56655 0.285995 0.575414 0.295102 0.567997 0.289759 0.564519 0.291735 0.565425 0.284021 0.56557 0.290301 0.566566 0.28594 0.566832 0.292274 0.567003 0.285104 0.556298 0.286161 0.557693 0.285837 0.557765 0.285867 0.560882 0.28946 0.563365 0.280967 0.564214 0.290176
0.556394 0.286805 0.558652 0.279031 0.561388 0.289546 0.565259 0.279799 0.566566 0.28594 0.568744 0.288071 0.56655 0.285995 0.5643 0.287389 0.564428 0.279469 0.564588 0.278283 0.565103 0.288378 0.56557 0.290301 0.566077 0.280123 0.575414 0.295102 0.559205 0.278409 0.559798 0.287167 0.561403 0.289602 0.563209 0.281599 0.563711 0.287495
0.556217 0.285676 0.560645 0.284616 0.563209 0.281599 0.565631 0.268385 0.566807 0.286917 0.566854 0.277531 0.573797 0.314449 0.562444 0.278715 0.563362 0.280499 0.56655 0.285995 0.566566 0.28594 0.570215 0.28892 0.573092 0.300064 0.567331 0.286793 0.575414 0.295102 0.53727 0.370158 0.558536 0.278465 0.560692 0.279542 0.561732 0.281105
0.555682 0.294171 0.558028 0.283101 0.558258 0.284236 0.559565 0.284196 0.562037 0.281487 0.562302 0.285992 0.577363 0.281445 0.562497 0.286562 0.562934 0.284739 0.564569 0.287528 0.565444 0.294715 0.565637 0.29026 0.575414 0.295102 0.563711 0.287495 0.56655 0.285995 0.566566 0.28594 0.572387 0.290158 0.573174 0.281059 0.584511 0.295241
0.575457 0.268556 0.577815 0.27653 0.578667 0.280551 0.580917 0.27729 0.581455 0.280757 0.571709 0.283741 0.581185 0.279775 0.577887 0.285523 0.578406 0.281049 0.578678 0.293471 0.578891 0.280439 0.580748 0.279053 0.581165 0.279797 0.573679 0.314495 0.575414 0.295102 0.575559 0.284729 0.577197 0.281655 0.577381 0.276588 0.577808 0.277481
0.571878 0.295023 0.573849 0.314512 0.574527 0.296414 0.575414 0.295102 0.575595 0.292087 0.578673 0.299739 0.578764 0.29493 0.581131 0.291264 0.572718 0.295633 0.573238 0.291696 0.573833 0.301684 0.574432 0.300912 0.57806 0.29139 0.578107 0.291708 0.578835 0.293168 0.584671 0.299207 0.56626 0.304813 0.566566 0.28594 0.570402 0.294482 0.571373 0.299423
0.557726 0.287336 0.558258 0.284236 0.559718 0.284615 0.561254 0.286636 0.566566 0.28594 0.566676 0.287507 0.566249 0.285805 0.56655 0.285995 0.558777 0.285335 0.561248 0.289402 0.561365 0.288533 0.562231 0.286736 0.564697 0.286509 0.565616 0.290323 0.566845 0.293183 0.570944 0.287413 0.571734 0.289786 0.575414 0.295102 0.576777 0.285652 0.55747 0.28666
0.575414 0.295102 0.583069 0.268745 0.583262 0.280173 0.583445 0.280292 0.583985 0.291186 0.584033 0.29117 0.585948 0.29484 0.58595 0.294782 0.582417 0.266491 0.582644 0.264762 0.584003 0.294539 0.585248 0.294819 0.585251 0.294761 0.585715 0.277563 0.584537 0.294799 0.586176 0.280405 0.586239 0.281986 0.576471 0.282156 0.581884 0.286514 0.581945 0.264393
0.534776 0.367525 0.53727 0.370158 0.557745 0.285785 0.558132 0.290289 0.559728 0.284424 0.563223 0.280384 0.570684 0.291807 0.575414 0.295102 0.559382 0.285901 0.560799 0.285531 0.561388 0.289546 0.566624 0.287687 0.566676 0.287507 0.567006 0.285162 0.563991 0.286637 0.564214 0.290176 0.566566 0.28594 0.573566 0.314484 0.430429 0.317598 0.556217 0.285676
0.568498 0.292802 0.569591 0.293787 0.569925 0.292979 0.570145 0.294971 0.57042 0.293811 0.573028 0.293752 0.578893 0.291845 0.584086 0.294552 0.569337 0.293703 0.570657 0.293809 0.571827 0.291546 0.57213 0.292306 0.573362 0.293885 0.574193 0.294158 0.573863 0.294469 0.573886 0.294695 0.575414 0.295102 0.575638 0.291249 0.577054 0.293511 0.561787 0.287136
0.568544 0.290565 0.571239 0.290425 0.571378 0.292322 0.571606 0.291123 0.57264 0.286253 0.572692 0.288684 0.575872 0.294018 0.57806 0.29139 0.57902 0.289405 0.569674 0.2916 0.572102 0.287723 0.572445 0.292047 0.573451 0.290905 0.575414 0.295102 0.575445 0.285897 0.57494 0.287342 0.575239 0.292446 0.576527 0.28859 0.581071 0.288161 0.584003 0.294539 0.584704 0.287528
0.564225 0.283545 0.569591 0.293787 0.571769 0.29715 0.572037 0.299154 0.572353 0.291005 0.572682 0.301441 0.576302 0.311316 0.576345 0.312605 0.578072 0.29859 0.579601 0.292443 0.581484 0.296169 0.572249 0.293175 0.573238 0.291696 0.574798 0.291261 0.575235 0.292571 0.573316 0.292898 0.575284 0.29323 0.575307 0.298996 0.575414 0.295102 0.577648 0.277185 0.578538 0.298994
0.573713 0.296489 0.575328 0.284568 0.575414 0.295102 0.581922 0.266138 0.58258 0.276417 0.582679 0.282583 0.584478 0.294613 0.584488 0.294792 0.585548 0.294816 0.58595 0.294782 0.581734 0.2834 0.583225 0.28631 0.583409 0.290276 0.583616 0.284616 0.583638 0.265733 0.584003 0.294539 0.583311 0.281438 0.583985 0.291186 0.58401 0.294481 0.585931 0.294781 0.587465 0.290334 0.5752 0.286337
0.575414 0.295102 0.575587 0.286344 0.582707 0.259789 0.582942 0.28649 0.584003 0.294539 0.58401 0.294481 0.582389 0.28673 0.582953 0.285823 0.583292 0.286429 0.585532 0.289026 0.585948 0.29484 0.587387 0.286901 0.587427 0.285197 0.589841 0.284243 0.590997 0.287464 0.581583 0.285605 0.584095 0.289641 0.584191 0.289833 0.584668 0.284788 0.584737 0.294715 0.585004 0.286862 0.585929 0.294781
0.569591 0.293787 0.570103 0.291807 0.570748 0.284842 0.571878 0.295023 0.57219 0.292456 0.572353 0.291005 0.575235 0.292571 0.576345 0.312605 0.578563 0.298997 0.578636 0.300005 0.578072 0.29859 0.579292 0.298807 0.571827 0.291546 0.573259 0.29314 0.573316 0.292898 0.575186 0.291193 0.573629 0.291013 0.575414 0.295102 0.575506 0.292869 0.575595 0.292087 0.576202 0.292837 0.57688 0.292723
0.573849 0.314512 0.575204 0.26975 0.575414 0.295102 0.576019 0.280791 0.577025 0.256295 0.577039 0.281598 0.573513 0.31442 0.575932 0.252577 0.576404 0.282638 0.579106 0.276047 0.584493 0.276155 0.58133 0.275649 0.567251 0.276908 0.567584 0.283291 0.570068 0.278158 0.570389 0.277672 0.571592 0.294481 0.577071 0.277714 0.578101 0.28147 0.578647 0.28085 0.578836 0.271529 0.579137 0.277689 0.581065 0.277453
0.56595 0.30989 0.57003 0.298215 0.570349 0.294771 0.573003 0.293095 0.573047 0.299373 0.573119 0.301824 0.578524 0.295128 0.578962 0.29316 0.580867 0.297961 0.582301 0.297056 0.583114 0.292845 0.570996 0.299614 0.572759 0.302485 0.577273 0.295901 0.577652 0.295043 0.577885 0.294539 0.578081 0.297634 0.573906 0.314518 0.575414 0.295102 0.577946 0.295852 0.579009 0.294684 0.570662 0.293545 0.570876 0.300573
0.558118 0.284526 0.562273 0.280851 0.562934 0.284739 0.563711 0.287495 0.564428 0.279469 0.564546 0.291856 0.565444 0.294715 0.5656 0.281593 0.566566 0.28594 0.566807 0.286917 0.56686 0.275777 0.573118 0.300064 0.557745 0.285785 0.557832 0.28916 0.558643 0.279599 0.559302 0.285665 0.559382 0.285901 0.55989 0.287045 0.564569 0.287528 0.565637 0.29026 0.567331 0.286793 0.567983 0.285834 0.575414 0.295102 0.557727 0.28333
0.568877 0.276647 0.571162 0.28528 0.571279 0.277659 0.573273 0.283952 0.573667 0.294838 0.573729 0.282836 0.574311 0.274863 0.574315 0.282977 0.574759 0.282506 0.575414 0.295102 0.575554 0.281304 0.576019 0.280791 0.56715 0.285533 0.567632 0.285751 0.569007 0.276167 0.569489 0.282097 0.570655 0.282647 0.571762 0.277471 0.575053 0.281548 0.575447 0.281313 0.575704 0.282741 0.576793 0.283312 0.577253 0.277168 0.578445 0.283514
0.569394 0.283791 0.570869 0.301123 0.57198 0.297875 0.572351 0.299237 0.572381 0.301482 0.573833 0.301684 0.578939 0.295576 0.57939 0.298146 0.573539 0.29646 0.573623 0.314489 0.573962 0.314524 0.57666 0.293291 0.578673 0.299739 0.578764 0.29493 0.57704 0.295849 0.579567 0.298926 0.579999 0.297661 0.583871 0.302202 0.570996 0.302984 0.572665 0.299376 0.573856 0.301705 0.574261 0.29857 0.574544 0.297532 0.575414 0.295102 0.575774 0.296207 0.576354 0.298186
0.566832 0.292274 0.569681 0.291641 0.570554 0.28219 0.570899 0.288327 0.571334 0.291165 0.572783 0.286155 0.57715 0.287803 0.578822 0.292957 0.584964 0.287595 0.5718 0.291607 0.572276 0.291945 0.572503 0.286467 0.573037 0.28911 0.573235 0.288893 0.574407 0.291408 0.569337 0.293703 0.56946 0.29377 0.569626 0.291612 0.570264 0.287521 0.571225 0.287742 0.571741 0.288771 0.574476 0.287046 0.575414 0.295102 0.576957 0.287896 0.577428 0.287024 0.579246 0.293648 0.581201 0.288177
0.567096 0.276892 0.569473 0.292282 0.56972 0.285257 0.569812 0.282575 0.570074 0.283653 0.570539 0.284559 0.576412 0.280216 0.578101 0.28147 0.579814 0.27056 0.570208 0.278229 0.571923 0.259121 0.572908 0.270684 0.573792 0.267976 0.57405 0.271507 0.575414 0.295102 0.578647 0.28085 0.579137 0.277689 0.580867 0.297429 0.567285 0.285107 0.568547 0.278576 0.569451 0.277701 0.570733 0.27927 0.571414 0.278244 0.572507 0.274829 0.573255 0.289145 0.573278 0.282557 0.576254 0.268863
0.556824 0.284996 0.558251 0.281747 0.55845 0.285701 0.56001 0.287586 0.560552 0.289309 0.564639 0.289873 0.565702 0.289915 0.566232 0.28586 0.566845 0.293183 0.575414 0.295102 0.559983 0.2841 0.560031 0.286429 0.56184 0.287619 0.561853 0.288782 0.564663 0.289823 0.565637 0.29026 0.557594 0.284442 0.557726 0.287336 0.557994 0.283709 0.559382 0.285901 0.559438 0.284604 0.559718 0.284615 0.56619 0.288945 0.56655 0.285995 0.566566 0.28594 0.566775 0.287018 0.574296 0.289958 0.557546 0.284072
0.555306 0.286224 0.558043 0.288408 0.560554 0.279933 0.562404 0.286627 0.562934 0.284739 0.565631 0.268385 0.565213 0.27978 0.56655 0.285995 0.573092 0.300064 0.573118 0.300064 0.557039 0.28708 0.559205 0.278409 0.563223 0.280384 0.564172 0.292015 0.564607 0.282155 0.564697 0.286509 0.566624 0.287687 0.566838 0.277586 0.56701 0.284719 0.567606 0.286003 0.569671 0.2765 0.575414 0.295102 0.565812 0.277783 0.565848 0.276372 0.566077 0.280123 0.566232 0.28586 0.566249 0.285805 0.566566 0.28594
0.575355 0.286404 0.585852 0.294776 0.989613 0.219345 0.98968 0.219523 0.989738 0.219505 0.989852 0.220683 0.991362 0.219917 0.991778 0.216954 0.992157 0.21842 0.992833 0.216501 0.585032 0.294799 0.585826 0.294774 0.990054 0.218294 0.99034 0.220463 0.990422 0.218123 0.990458 0.216973 0.993065 0.216665 0.993081 0.219173 0.57357 0.314426 0.575414 0.295102 0.579121 0.285898 0.583118 0.286212 0.990462 0.217146 0.991213 0.220247 0.991522 0.220706 0.991822 0.216468 0.992594 0.217315 0.992631 0.217547
0.557745 0.285785 0.557832 0.28916 0.558502 0.287739 0.558536 0.278465 0.560692 0.279542 0.564125 0.282858 0.56816 0.28362 0.573186 0.281116 0.575414 0.295102 0.577363 0.281445 0.582593 0.286849 0.565146 0.290898 0.565299 0.290225 0.566077 0.280123 0.566345 0.285908 0.566566 0.28594 0.566962 0.284706 0.567977 0.281485 0.558218 0.28793 0.559827 0.283165 0.560882 0.28946 0.561533 0.281578 0.564552 0.284894 0.564896 0.286846 0.565486 0.277654 0.565491 0.286515 0.5656 0.281593 0.56655 0.285995 0.567003 0.285104
0.571592 0.294481 0.574049 0.272224 0.574759 0.282506 0.575877 0.269533 0.576174 0.271771 0.576272 0.280253 0.578891 0.280439 0.579554 0.284831 0.580454 0.271159 0.580799 0.275083 0.58133 0.275649 0.576592 0.280181 0.576951 0.270219 0.577064 0.276433 0.577197 0.281655 0.578193 0.276046 0.578632 0.280646 0.584493 0.276155 0.572283 0.25799 0.572507 0.274829 0.573747 0.264656 0.57533 0.26613 0.575414 0.295102 0.576325 0.276217 0.578851 0.283834 0.57924 0.271057 0.580855 0.275083 0.580941 0.29301 0.5818 0.276927
0.567251 0.276908 0.567577 0.278459 0.567988 0.281139 0.568512 0.276469 0.568664 0.276528 0.573255 0.289145 0.575096 0.27477 0.575414 0.295102 0.576985 0.255826 0.577253 0.266936 0.579205 0.27025 0.572908 0.270684 0.574144 0.275602 0.574514 0.276086 0.574792 0.265468 0.574964 0.264636 0.575047 0.269229 0.579613 0.269694 0.579979 0.270199 0.56802 0.282269 0.568477 0.292384 0.569612 0.276242 0.572576 0.275515 0.573452 0.275224 0.574097 0.272236 0.574581 0.265046 0.574855 0.266784 0.575811 0.269509 0.577101 0.256071
0.56715 0.285533 0.56856 0.28385 0.568716 0.283756 0.569531 0.282711 0.572173 0.28323 0.572458 0.25939 0.574946 0.281824 0.575932 0.252577 0.576785 0.270591 0.581117 0.277132 0.581165 0.279797 0.58572 0.285302 0.576404 0.282638 0.576813 0.277752 0.577883 0.277888 0.579814 0.27056 0.569342 0.283958 0.574603 0.27327 0.575193 0.269294 0.575303 0.27838 0.575414 0.295102 0.575457 0.268556 0.575507 0.278636 0.576019 0.280791 0.572788 0.259192 0.573099 0.279805 0.573381 0.268618 0.574193 0.275612 0.574273 0.283149 0.574964 0.264636
0.567997 0.289759 0.568544 0.290565 0.570141 0.292315 0.570229 0.290324 0.570267 0.291316 0.570926 0.287096 0.571747 0.292482 0.572844 0.2918 0.573028 0.293752 0.573203 0.287719 0.575239 0.292446 0.575414 0.295102 0.570218 0.292252 0.570374 0.289887 0.570734 0.288862 0.571419 0.287828 0.571461 0.288365 0.571647 0.290633 0.572583 0.290079 0.57268 0.290069 0.573217 0.287923 0.573342 0.2904 0.573445 0.288295 0.56741 0.289664 0.571239 0.290425 0.571263 0.28774 0.571275 0.286059 0.571398 0.292598 0.57213 0.292306 0.572563 0.287336
0.566144 0.291179 0.56998 0.290408 0.5703 0.292981 0.570469 0.293811 0.570699 0.290731 0.570814 0.291212 0.570968 0.292268 0.572692 0.288684 0.573826 0.288866 0.574059 0.290439 0.577877 0.288305 0.579154 0.285399 0.580038 0.285847 0.580454 0.288917 0.580889 0.291374 0.567076 0.29072 0.570243 0.287465 0.570503 0.288957 0.573886 0.294695 0.574695 0.287082 0.574984 0.29085 0.575414 0.295102 0.576128 0.292015 0.576825 0.286083 0.572102 0.287723 0.572733 0.289381 0.573278 0.289549 0.57329 0.289606 0.573758 0.292791 0.573863 0.294469
0.566961 0.286335 0.567183 0.285339 0.567229 0.276437 0.568698 0.275605 0.569812 0.282575 0.570381 0.277374 0.574759 0.282506 0.574964 0.264636 0.575414 0.295102 0.575507 0.278636 0.577104 0.277978 0.578827 0.271995 0.56856 0.28385 0.569997 0.275872 0.571485 0.278798 0.573477 0.314475 0.573509 0.314478 0.574508 0.264888 0.576163 0.271714 0.578922 0.27727 0.580605 0.279836 0.566416 0.282523 0.566566 0.28594 0.567584 0.283291 0.571544 0.294494 0.572103 0.275974 0.573067 0.296474 0.573627 0.314431 0.573683 0.314437 0.574603 0.27327
0.557765 0.285867 0.557905 0.281592 0.558251 0.281747 0.561365 0.288533 0.562037 0.281487 0.563362 0.280499 0.575414 0.295102 0.566232 0.28586 0.566566 0.28594 0.566961 0.286335 0.567331 0.286793 0.56807 0.285802 0.57357 0.314426 0.549095 0.26826 0.556824 0.284996 0.557002 0.283245 0.560595 0.287725 0.56195 0.284016 0.566077 0.270621 0.566431 0.284506 0.56655 0.285995 0.567003 0.285104 0.573623 0.314489 0.57599 0.288597 0.580221 0.277697 0.563875 0.284525 0.5643 0.287389 0.564896 0.286846 0.565213 0.27978 0.565682 0.289969 0.566249 0.285805
0.556824 0.284996 0.557594 0.284442 0.557727 0.28333 0.55837 0.278617 0.55845 0.285701 0.558536 0.278465 0.575414 0.295102 0.563875 0.284525 0.564569 0.287528 0.564607 0.282155 0.566349 0.285332 0.56655 0.285995 0.566838 0.277586 0.577363 0.281445 0.557153 0.283949 0.558777 0.285335 0.559205 0.278409 0.561403 0.289602 0.563711 0.287495 0.564639 0.289873 0.5656 0.281593 0.566431 0.284506 0.566566 0.28594 0.566845 0.293183 0.566962 0.284706 0.559565 0.284196 0.560058 0.287756 0.560181 0.28595 0.560882 0.28946 0.561388 0.289546 0.561392 0.280736
0.557767 0.281947 0.566869 0.279322 0.567178 0.279883 0.568089 0.283721 0.568479 0.282265 0.569142 0.281598 0.574866 0.282116 0.581528 0.265751 0.570389 0.277672 0.570617 0.288017 0.570655 0.282647 0.571438 0.278882 0.571592 0.294481 0.572723 0.283915 0.567632 0.285751 0.569169 0.275235 0.569606 0.286037 0.569621 0.277483 0.569969 0.285268 0.570383 0.279819 0.571115 0.284641 0.573273 0.283952 0.573417 0.296466 0.575414 0.295102 0.565464 0.279796 0.567387 0.276459 0.569593 0.282068 0.569612 0.276242 0.569713 0.287919 0.570113 0.284132 0.570199 0.278783 0.570444 0.278286
0.568765 0.288104 0.570397 0.291314 0.570546 0.290291 0.570657 0.293809 0.573276 0.292311 0.573362 0.293885 0.57884 0.292807 0.57902 0.289405 0.579989 0.285856 0.576101 0.286552 0.576214 0.288633 0.576373 0.288581 0.576807 0.2913 0.578074 0.288111 0.57816 0.288492 0.570474 0.288901 0.570728 0.28789 0.572445 0.292047 0.575414 0.295102 0.575551 0.290996 0.575607 0.287327 0.579391 0.289486 0.579525 0.290392 0.568602 0.291426 0.569925 0.292979 0.570214 0.293054 0.570445 0.287834 0.575231 0.292317 0.576074 0.287698 0.57633 0.291603 0.576855 0.291233 0.579154 0.285399 0.579313 0.293594
0.568375 0.297449 0.57005 0.304667 0.570705 0.297141 0.570996 0.302984 0.572665 0.299376 0.57351 0.323005 0.584207 0.299568 0.575929 0.293621 0.577012 0.296522 0.577054 0.293511 0.577609 0.299223 0.579292 0.298807 0.580284 0.297939 0.573477 0.314475 0.573636 0.299278 0.573683 0.314437 0.574421 0.30445 0.575414 0.295102 0.575774 0.296207 0.570145 0.294971 0.570349 0.294771 0.571762 0.297138 0.57198 0.297875 0.572828 0.313133 0.572911 0.325068 0.578619 0.291877 0.580882 0.299036 0.593378 0.297217 0.567491 0.308685 0.569661 0.293952 0.570034 0.297448 0.573675 0.298948 0.573967 0.314466 0.574496 0.299641 0.576855 0.291233 0.577273 0.295901 0.577987 0.293017
0.569528 0.307418 0.570996 0.299614 0.572665 0.299376 0.572759 0.302485 0.573113 0.300278 0.57351 0.323005 0.576317 0.306347 0.576354 0.298186 0.573833 0.301684 0.573856 0.301705 0.573906 0.314518 0.574261 0.29857 0.575414 0.295102 0.575929 0.293621 0.572458 0.302192 0.572617 0.302408 0.572828 0.313133 0.572845 0.301812 0.572911 0.325068 0.573477 0.314475 0.570869 0.301123 0.570935 0.297209 0.571018 0.298218 0.571439 0.301712 0.57198 0.297875 0.571999 0.299361 0.575112 0.300562 0.575336 0.299071 0.577473 0.313244 0.56595 0.30989 0.570017 0.297715 0.570034 0.297448 0.573623 0.314489 0.573675 0.298948 0.573729 0.309684 0.573849 0.314512 0.573967 0.314466 0.574432 0.300912
0.5752 0.286337 0.581455 0.280757 0.581766 0.294109 0.582954 0.266485 0.583016 0.283448 0.583169 0.285273 0.587387 0.286901 0.587465 0.290334 0.590838 0.283387 0.592108 0.290936 0.584033 0.29117 0.58416 0.290807 0.585283 0.289079 0.585702 0.277557 0.585929 0.294781 0.586485 0.302699 0.582882 0.291743 0.582939 0.286471 0.583262 0.280173 0.583536 0.276962 0.583985 0.291186 0.58401 0.294481 0.573713 0.296489 0.575414 0.295102 0.582467 0.267953 0.58257 0.286699 0.582679 0.282583 0.58278 0.282524 0.58455 0.292671 0.584639 0.285049 0.584668 0.284788 0.585251 0.294761 0.585948 0.29484 0.58595 0.294782 0.583409 0.290276 0.583638 0.265733 0.584003 0.294539 0.584095 0.289641 0.584452 0.276138 0.584484 0.286646
0.567511 0.277531 0.568689 0.279872 0.569399 0.27622 0.569451 0.277701 0.571724 0.277807 0.572155 0.282533 0.57666 0.271008 0.578113 0.260058 0.578656 0.275898 0.578851 0.283834 0.581833 0.2703 0.571831 0.281826 0.572103 0.275974 0.572917 0.278033 0.572985 0.28289 0.573067 0.296474 0.574964 0.264636 0.568477 0.292384 0.568479 0.282265 0.569728 0.281655 0.570389 0.277672 0.571544 0.294494 0.571592 0.294481 0.578193 0.276046 0.578445 0.283514 0.578922 0.27727 0.579137 0.277689 0.580588 0.273381 0.581065 0.277453 0.575704 0.282741 0.576163 0.271714 0.576254 0.268863 0.577429 0.284364 0.577704 0.271754 0.578093 0.278101 0.573299 0.284724 0.573623 0.282186 0.574309 0.264942 0.575414 0.295102 0.575463 0.281835 0.575559 0.284729
0.567632 0.285751 0.567977 0.281485 0.568877 0.276647 0.569007 0.276167 0.569593 0.282068 0.570032 0.279583 0.573792 0.267976 0.574144 0.275602 0.574843 0.275668 0.577883 0.277888 0.580578 0.273714 0.571279 0.277659 0.571414 0.278244 0.571592 0.294481 0.572154 0.282591 0.572176 0.283322 0.573481 0.314417 0.569376 0.286182 0.569606 0.286037 0.56972 0.285257 0.569728 0.281655 0.570113 0.284132 0.571066 0.278869 0.56715 0.285533 0.567566 0.283662 0.567577 0.278459 0.567584 0.283291 0.567988 0.281139 0.568547 0.278576 0.574599 0.277227 0.57533 0.26613 0.575414 0.295102 0.576793 0.283312 0.577253 0.266936 0.579982 0.266465 0.57107 0.278263 0.573623 0.282186 0.573781 0.274031 0.573797 0.314449 0.574105 0.278018 0.574307 0.314511
0.55747 0.28666 0.558218 0.28793 0.558258 0.284236 0.558777 0.285335 0.560554 0.279933 0.56083 0.279045 0.56655 0.285995 0.566566 0.28594 0.567003 0.285104 0.572387 0.290158 0.574296 0.289958 0.57599 0.288597 0.563711 0.287495 0.563875 0.284525 0.564697 0.286509 0.565213 0.27978 0.565616 0.290323 0.566249 0.285805 0.560847 0.27899 0.561248 0.289402 0.561365 0.288533 0.561787 0.287136 0.562302 0.285992 0.562444 0.278715 0.577363 0.281445 0.554489 0.29278 0.555682 0.294171 0.557039 0.28708 0.559205 0.278409 0.560753 0.28551 0.566144 0.291179 0.566232 0.28586 0.566249 0.285805 0.56701 0.284719 0.573477 0.314475 0.575414 0.295102 0.561425 0.290664 0.562231 0.286736 0.564569 0.287528 0.564776 0.289556 0.565444 0.294715 0.566077 0.280123
0.569713 0.287919 0.569812 0.282575 0.569943 0.284048 0.570113 0.284132 0.570444 0.278286 0.57107 0.278263 0.576779 0.281992 0.577055 0.283224 0.581739 0.28253 0.573746 0.282859 0.574866 0.282116 0.575338 0.278502 0.575414 0.295102 0.576019 0.280791 0.576404 0.282638 0.571762 0.277471 0.57214 0.284988 0.572376 0.299345 0.573245 0.282052 0.573285 0.286448 0.573515 0.279543 0.569395 0.280077 0.569531 0.282711 0.570044 0.281399 0.570389 0.277672 0.57137 0.286353 0.571592 0.294481 0.56715 0.285533 0.567566 0.283662 0.568952 0.292145 0.569001 0.292137 0.56936 0.283416 0.569392 0.286188 0.575463 0.281835 0.576207 0.277249 0.576793 0.283312 0.577197 0.281655 0.577808 0.277481 0.58572 0.285302 0.571544 0.294494 0.571724 0.277807 0.571728 0.284394 0.5732 0.281887 0.573417 0.296466 0.574624 0.281484
0.557767 0.281947 0.566198 0.283598 0.567511 0.277531 0.568089 0.283721 0.569943 0.284048 0.569997 0.275872 0.580941 0.29301 0.576325 0.276217 0.577104 0.277978 0.577883 0.277888 0.578723 0.281635 0.579106 0.276047 0.580855 0.275083 0.574144 0.275602 0.575193 0.269294 0.575457 0.268556 0.575932 0.252577 0.576174 0.271771 0.576187 0.272624 0.569728 0.281655 0.570661 0.28508 0.571811 0.276355 0.572103 0.275974 0.573067 0.296474 0.573325 0.283113 0.580686 0.270713 0.567577 0.278459 0.567584 0.283291 0.567988 0.281139 0.568512 0.276469 0.569531 0.282711 0.577898 0.282531 0.578056 0.277177 0.578193 0.276046 0.578678 0.293471 0.579554 0.284831 0.580454 0.271159 0.577064 0.276433 0.577197 0.281655 0.577253 0.266936 0.577381 0.276588 0.577404 0.277562 0.577429 0.284364 0.575047 0.269229 0.57523 0.270965 0.57533 0.26613 0.575414 0.295102 0.575554 0.281304 0.576951 0.270219 0.572507 0.274829 0.572739 0.281499 0.572852 0.275866 0.572908 0.270684 0.573394 0.273908 0.574097 0.272236
0.570705 0.297141 0.571018 0.298218 0.571276 0.295914 0.571337 0.3011 0.571373 0.299423 0.572155 0.299894 0.581912 0.298215 0.582118 0.296249 0.582472 0.296179 0.583464 0.299485 0.584207 0.299568 0.578721 0.295534 0.57889 0.296687 0.578928 0.296177 0.579999 0.297661 0.580793 0.298018 0.58082 0.298192 0.575929 0.293621 0.576317 0.306347 0.576828 0.29522 0.577609 0.299223 0.57775 0.29927 0.577909 0.296421 0.573967 0.314466 0.574421 0.30445 0.574475 0.300662 0.574544 0.297532 0.575112 0.300562 0.575414 0.295102 0.572617 0.302408 0.572828 0.313133 0.572862 0.325065 0.572903 0.322171 0.572911 0.325068 0.573522 0.306735 0.571439 0.301712 0.57198 0.297875 0.572275 0.300473 0.572351 0.299237 0.572395 0.297409 0.572429 0.296237 0.578602 0.29911 0.578953 0.29316 0.579567 0.298926 0.579793 0.297606 0.580284 0.297939 0.569394 0.283791 0.574416 0.306223 0.574665 0.300466 0.575663 0.286336 0.576792 0.29536 0.577012 0.296522 0.577473 0.313244 0.573075 0.297222 0.573539 0.29646 0.573675 0.298948 0.573849 0.314512 0.573962 0.314524 0.574189 0.296194