14180
37589
14779
24967
37541
15185
29298
38531
16547
24357
34446
20718
35893
38497
32293
34856
32710
21332
38417
34826
31200
25254
27265
33831
26143
24808
27812
16835
38188
19643
33573
34908
15191
23026
33810
30393
24234
32617
16200
31763
31661
39067
21179
19638
29908
24188
32080
24816
26595
31491
24388
31598
27387
31948
23027
39216
26568
15192
25531
23943
23778
30377
24677
19906
25081
28389
17872
33985
15186
28391
26437
32702
23281
24378
36490
30326
38360
25540
38899
29307
19344
28392
24817
23241
23470
21713
26597
27496
36770
38895
27810
38296
35869
33072
15477
25898
39174
25699
14786
32259
17879
17873
26893
32780
26093
29723
27046
25253
29996
28878
38882
23024
32876
27889
33679
23928
39268
29447
30373
25530
22896
25703
19438
27936
25532
21177
26820
20045
19641
16424
30794
24237
21178
31589
23304
24166
22869
34621
35785
14782
24596
19908
24818
25072
28312
34861
34850
26434
32973
15480
34846
32112
27389
22993
23818
17874
23280
36330
20117
38487
32341
30898
28125
32968
28879
31170
26576
31172
34002
25704
27745
29597
32065
28706
21715
25988
20047
32664
34564
24372
27776
15190
22818
16196
15487
25538
16834
35157
34000
25705
25696
23394
37233
35921
25702
19437
23473
16198
24384
25083
14783
26596
31608
24236
28787
35172
27748
29724
28705
37265
33813
15194
19391
38978
21716
26368
36806
16194
37347
17881
39044
26457
27354
35630
25256
38507
32266
24375
20043
30686
34019
15482
33964
14780
35720
27365
21182
30367
34066
31988
20042
23941
34737
25999
26551
28858
28229
20560
24285
20557
28393
29083
24649
25488
19439
17876
20044
31904
23030
15187
29212
14178
23472
21181
35871
15485
19367
20558
27351
34448
32285
27372
37147
22515
28690
27048
26591
36789
26448
25923
27494
26380
28395
26866
28617
15481
27668
25230
27047
25255
32648
17871
26146
33865
26039
35930
32280
23770
25986
26856
24351
24696
26145
31808
34378
36687
35323
17617
27777
35857
23462
26144
33084
28857
38018
19905
29524
24342
39348
39015
27479
29596
20720
27828
33104
19436
24624
22830
36391
31718
35519
26570
29733
23266
33541
23831
29598
21712
23777
19368
30051
33630
23933
27939
23469
24352
19642
25073
25484
25541
33681
25987
23029
31742
35915
34813
32736
26421
36424
25122
19322
36704
29306
23028
37978
27363
35393
36518
34824
23397
23025
31481
17882
28394
28860
30356
31224
38495
34852
20046
26891
35330
35738
23930
25483
38491
29144
32030
38099
26150
33686
21711
31806
26875
35317
25156
38966
26428
28626
28231
38107
21331
27492
32324
25069
32342
25701
35731
28856
29158
27493
36790
28691
30802
38058
30807
26149
30785
35656
38071
35382
33051
24356
24390
29958
33109
31126
24348
34514
24235
33634
28717
34442
33564
25698
33077
25550
20559
29927
15189
15205
15478
28880
24220
27943
24642
21714
29997
34499
28178
28859
26577
29187
23255
32255
29145
23940
36290
29119
33504
19392
24241
20717
23782
30922
26571
20719
32321
33969
31752
31979
36732
32793
38879
38521
23471
29157
23031
25945
23475
25105
31211
32263
24699
36313
29720
39345
27935
31175
32082
29160
31186
31142
26825
32320
31119
24610
34812
24807
30943
32325
38908
24712
28192
24230
23821
32261
25104
24392
24263
23784
24338
24393
33603
28881
17878
24391
23912
17875
31174
17880
24726
39333
39054
31786
17289
24227