0.575414 0.295102
0.575414 0.295102 0.5794 0.283701
0.53541 0.369745 0.575414 0.295102
0.567938 0.292035 0.575414 0.295102
0.571827 0.291546 0.575414 0.295102
0.575414 0.295102 0.576344 0.286091
0.575414 0.295102 0.579203 0.295858
0.575414 0.295102 0.568611 0.294982
0.575414 0.295102 0.571239 0.286229
0.573108 0.289927 0.575414 0.295102 0.578072 0.29859
0.569194 0.29324 0.572353 0.291005 0.575414 0.295102
0.569854 0.279589 0.575414 0.295102 0.576684 0.292075
0.575414 0.295102 0.571239 0.286229 0.571793 0.292441
0.575414 0.295102 0.573039 0.286309 0.573639 0.291153
0.575414 0.295102 0.563963 0.286804 0.567777 0.287108
0.575414 0.295102 0.580087 0.351319 0.602014 0.284599
0.582573 0.267102 0.564504 0.289315 0.575414 0.295102
0.563963 0.286804 0.575414 0.295102 0.559098 0.282939 0.559432 0.28709
0.570851 0.299508 0.574149 0.308216 0.575414 0.295102 0.576761 0.295254 0.583871 0.302202
0.573051 0.285506 0.575414 0.295102 0.576313 0.276086 0.577754 0.272293 0.575736 0.277101
0.543935 0.270836 0.572249 0.293175 0.575603 0.26688 0.582343 0.28688 0.561369 0.289011 0.575414 0.295102
0.571039 0.290751 0.571692 0.290231 0.572274 0.289638 0.572781 0.290117 0.573566 0.290106 0.575414 0.295102 0.574804 0.290594 0.571616 0.29018 0.573324 0.290456 0.573791 0.290039 0.573893 0.289997 0.57395 0.290771 0.574006 0.2907
0.573718 0.293198 0.575587 0.286344 0.581849 0.277192 0.583169 0.285273 0.584003 0.294539 0.585948 0.29484 0.584752 0.289441 0.584931 0.289966 0.584992 0.276068 0.585899 0.294837 0.585966 0.294594 0.587016 0.285917 0.587343 0.283831 0.588188 0.291683 0.588861 0.28713 0.575414 0.295102 0.583728 0.295083 0.584613 0.276135
0.557533 0.282699 0.560882 0.28946 0.562229 0.290951 0.562404 0.286627 0.563346 0.286963 0.564697 0.286509 0.568774 0.280734 0.575414 0.295102 0.56184 0.287619 0.562273 0.280851 0.562934 0.284739 0.564607 0.282155 0.56655 0.285995 0.568696 0.291273 0.566566 0.28594 0.567003 0.285104 0.571734 0.289786 0.58681 0.287582 0.558043 0.288408 0.560847 0.27899
0.568765 0.288104 0.570445 0.287834 0.572102 0.287723 0.572283 0.289782 0.572844 0.2918 0.573037 0.28911 0.573566 0.314484 0.573826 0.288866 0.579391 0.289486 0.584003 0.294539 0.584086 0.294552 0.58401 0.294481 0.567076 0.29072 0.570267 0.291316 0.572276 0.291945 0.57283 0.291536 0.573342 0.2904 0.57329 0.289606 0.574059 0.290439 0.575414 0.295102 0.576074 0.287698 0.576101 0.286552 0.579246 0.293648
0.566831 0.30815 0.569809 0.292982 0.570678 0.292602 0.570846 0.295759 0.571914 0.294722 0.571967 0.299261 0.576146 0.292155 0.578361 0.292587 0.580458 0.298971 0.57195 0.295614 0.572977 0.302436 0.573113 0.300278 0.573316 0.292898 0.575336 0.299071 0.575658 0.292852 0.578254 0.293019 0.581328 0.292322 0.590397 0.296482 0.568379 0.293361 0.569591 0.293787 0.570725 0.293408 0.573326 0.293061 0.573663 0.293096 0.573962 0.314524 0.574526 0.296442 0.575414 0.295102 0.577826 0.295752
0.561014 0.302075 0.571373 0.299423 0.574432 0.296443 0.575414 0.295102 0.575681 0.295999 0.576044 0.296246 0.604875 0.290082 0.608848 0.3013 0.583871 0.302202 0.592146 0.291016 0.602014 0.284599 0.602142 0.284086 0.604428 0.29163 0.60454 0.290608 0.57704 0.295849 0.57735 0.299687 0.57902 0.294905 0.579854 0.304939 0.580284 0.297939 0.580867 0.297961 0.611733 0.281487 0.624677 0.305237 0.430347 0.317655 0.573477 0.314475 0.573513 0.31442 0.573832 0.255685 0.582837 0.290503 0.6053 0.290562 0.605343 0.29073 0.608159 0.298587 0.608366 0.29858 0.611168 0.293779 0.578928 0.296177 0.579793 0.297606 0.580232 0.276796 0.582301 0.297056 0.582472 0.296179 0.582769 0.296008 0.577273 0.295901 0.577274 0.295959 0.577909 0.296421 0.577974 0.299057 0.578237 0.29716 0.578602 0.29911