14180
14180
14180
14180
14180
14180
14180
14180
14180
14180
14180
14180
14180
14180
14180
14180
14180
14180
14180
14180
14180
14180
14180
14180
14180
14180
14180
14180
14180
14180
14180
14180
14180
14180
14180
14180
14180
14180
14180
14180
14180
14180
14180
14180
14180
14180
14180
14180
14180
14180
14180
14180
14180
14180
14180
14180
14180
14180
14180
14180
14180
14180
38188
16835
28392
27810
27812
24808
38899
34446
23281
27387
31948
24388
24677
15192
25254
31200
25081
24188
19638
29908
34826
38417
37589
39216
39067
27265
21179
21179
21179
21179
21179
26568
26568
26568
26568
26568
31491
32080
23027
19906
30377
23778
23778
23943
25531
33831
24234
30393
33810
31661
31661
32617
16200
31763
33573
33573
19643
36490
30326
28391
38497
26437
32293
32702
14779
14779
14779
14779
14779
14779
14779
14779
14779
14779
14779
26595
24816
24378
21332
28389
31598
31598
31598
31598
35893
24967
38360
25540
32259
34856
17879
15186
33985
17872
17872
20718
32710
14786
14786
14786
14786
14786
14786
26143
34908
34908
15191
15191
23026
23026
23026
23026
25699
39174
29298
38895
38296
35869
15185
33072
37541
15477
25898
23241
23241
24817
24817
19344
29307
24357
21713
23470
16547
38531
26597
36770
27496
27936
34564
32973
31170
32780
24818
24818
34861
25703
24237
27745
29597
31172
32968
25253
28879
25988
29723
30898
15480
36330
26820
21177
25532
20117
23280
26434
27889
38882
38487
32341
23024
28125
21715
24372
32664
20047
26093
25704
34002
26893
17873
26576
28878
29996
17874
17874
17874
17874
17874
32876
23818
22993
27389
34846
34846
32112
35785
24596
14782
23304
31589
34621
22869
24166
24166
21178
33679
32065
27046
28706
16424
30794
23928
39268
29447
34850
19641
20045
30373
19438
25530
22896
19908
28312
25072
36806
17881
38507
16194
27354
39044
16198
28705
24384
27776
22818
16196
35172
27748
28787
24236
15194
25705
25083
26596
14783
33813
37265
25538
19391
31608
15487
29724
35157
26368
15190
16834
21716
38978
26457
25702
35921
37233
34000
23394
37347
23473
19437
25256
32266
24375
25696
35630
23472
30367
31988
27365
15187
20560
33964
19439
34737
29212
28858
34019
24649
28393
25999
24285
23030
35720
21182
15485
35871
14178
31904
34066
21181
17876
20044
20557
29083
30686
26551
20043
14780
20042
23941
25488
15482
28229
28395
26448
26591
32648
17871
25923
27668
33865
26866
25255
34448
27494
37147
15481
28617
27372
32285
26380
19367
26146
27047
28690
25230
22515
20558
27351
27048
36789
39015
25986
26144
17617
28857
27777
19905
35323
23770
29524
20720
39348
31808
27479
24351
38018
33084
23462
26856
26039
33104
19436
35857
24696
29596
26145
24342
34378
27828
35930
32280
36687
23469
23777
23266
19642
25484
29733
21712
33541
23831
33681
30051
19368
23933
24624
26570
25541
27939
25073
33630
35519
24352
29598
22830
36391
31718
26421
23397
32736
27363
25987
23029
35915
36704
37978
23028
34813
29306
23025
36424
34824
36518
35393
31742
25122
19322
38491
28860
35330
34852
25483
26891
31481
31224
35738
30356
20046
28394
17882
38495
23930
27493
28856
38107
29158
21711
33686
35317
21331
35731
26150
25156
32030
29144
25069
25701
38966
26875
32324
38099
27492
28626
31806
26428
32342
28231
24390
30807
38058
24348
38071
24356
33051
35382
29958
35656
26149
30802
31126
30785
28691
33109
36790
34442
28880
25698
24235
33564
15205
28717
29927
15189
25550
33634
34514
24220
15478
33077
20559
23255
24642
32255
27943
28859
34499
28178
26577
23940
21714
29145
29997
29187
24241
26571
33504
19392
36290
20717
30922
23782
29119
33969
36732
38879
20719
31752
31979
32321
32793
29157
23031
25945
23471
38521
23475
29720
31211
32263
36313
39345
24699
25105
29160
31186
27935
31175
32082
26825
31142
32320
24610
31119
24807
34812
30943
32325
38908
24712
28192
32261
23821
24230
24263
24392
25104
24338
33603
23784
24393
17878
28881
24391
23912
17875
31174
17880
39333
24726
39054
31786
17289
24227