1.18723e-006 2.5779e-006 1.18684e-006 2.57689e-006 1.18669e-006 2.57841e-006 1.18654e-006 2.57839e-006 1.18571e-006 2.57759e-006
1.18697e-006 2.57953e-006 1.18669e-006 2.57841e-006 1.18659e-006 2.58062e-006 1.18642e-006 2.58106e-006 1.18666e-006 2.5805e-006
1.18742e-006 2.57863e-006 1.18705e-006 2.57889e-006 1.18669e-006 2.57841e-006
1.18669e-006 2.57841e-006 1.18803e-006 2.57938e-006 1.18758e-006 2.57934e-006
1.19136e-006 2.56975e-006 1.18669e-006 2.57841e-006
1.18734e-006 2.58021e-006 1.18669e-006 2.57841e-006 1.18655e-006 2.57876e-006
1.18711e-006 2.57883e-006 1.18669e-006 2.57841e-006
1.18669e-006 2.57841e-006 1.18718e-006 2.57944e-006 1.18712e-006 2.57872e-006
1.18669e-006 2.57841e-006 1.18697e-006 2.57943e-006 1.1869e-006 2.57887e-006
1.18669e-006 2.57841e-006 1.18718e-006 2.57944e-006
1.19037e-006 2.58123e-006 1.18706e-006 2.57864e-006 1.18667e-006 2.58169e-006 1.18588e-006 2.57937e-006 1.18833e-006 2.57912e-006 1.18669e-006 2.57841e-006
1.18669e-006 2.57841e-006 1.18615e-006 2.57189e-006 1.18359e-006 2.57963e-006
1.18669e-006 2.57841e-006 1.18658e-006 2.57946e-006
1.1872e-006 2.57892e-006 1.18713e-006 2.57898e-006 1.18706e-006 2.57905e-006 1.187e-006 2.57899e-006 1.18691e-006 2.57899e-006 1.18669e-006 2.57841e-006 1.18676e-006 2.57894e-006 1.18714e-006 2.57898e-006 1.18694e-006 2.57895e-006 1.18688e-006 2.579e-006 1.18687e-006 2.579e-006 1.18686e-006 2.57891e-006 1.18686e-006 2.57892e-006
1.18696e-006 2.57901e-006 1.18669e-006 2.57841e-006 1.18638e-006 2.57801e-006
1.18757e-006 2.57877e-006 1.18669e-006 2.57841e-006
1.18669e-006 2.57841e-006 1.18749e-006 2.57843e-006
1.18878e-006 2.57985e-006 1.18839e-006 2.57907e-006 1.18823e-006 2.57889e-006 1.18821e-006 2.5794e-006 1.1881e-006 2.57936e-006 1.18794e-006 2.57941e-006 1.18747e-006 2.58008e-006 1.18669e-006 2.57841e-006 1.18828e-006 2.57928e-006 1.18823e-006 2.58007e-006 1.18815e-006 2.57961e-006 1.18795e-006 2.57991e-006 1.18773e-006 2.57947e-006 1.18748e-006 2.57886e-006 1.18773e-006 2.57948e-006 1.18767e-006 2.57957e-006 1.18712e-006 2.57903e-006 1.18536e-006 2.57928e-006 1.18872e-006 2.57919e-006 1.18839e-006 2.58028e-006
1.18769e-006 2.5769e-006 1.18735e-006 2.57866e-006 1.18725e-006 2.5787e-006 1.18723e-006 2.57834e-006 1.1871e-006 2.57846e-006 1.1871e-006 2.57793e-006 1.18661e-006 2.57875e-006 1.18635e-006 2.5787e-006 1.1861e-006 2.57796e-006 1.1871e-006 2.57835e-006 1.18698e-006 2.57756e-006 1.18696e-006 2.57781e-006 1.18694e-006 2.57867e-006 1.1867e-006 2.57795e-006 1.18666e-006 2.57867e-006 1.18636e-006 2.57865e-006 1.186e-006 2.57873e-006 1.18495e-006 2.57825e-006 1.18751e-006 2.57861e-006 1.18737e-006 2.57856e-006 1.18724e-006 2.57861e-006 1.18694e-006 2.57865e-006 1.1869e-006 2.57865e-006 1.18686e-006 2.57616e-006 1.1868e-006 2.57826e-006 1.18669e-006 2.57841e-006 1.18641e-006 2.57834e-006
1.18837e-006 2.5776e-006 1.18716e-006 2.57791e-006 1.18681e-006 2.57826e-006 1.18669e-006 2.57841e-006 1.18666e-006 2.57831e-006 1.18662e-006 2.57828e-006 1.18326e-006 2.57899e-006 1.18279e-006 2.57769e-006 1.18571e-006 2.57759e-006 1.18474e-006 2.57889e-006 1.18359e-006 2.57963e-006 1.18358e-006 2.57969e-006 1.18331e-006 2.57882e-006 1.1833e-006 2.57893e-006 1.1865e-006 2.57833e-006 1.18647e-006 2.57788e-006 1.18627e-006 2.57844e-006 1.18618e-006 2.57727e-006 1.18613e-006 2.57808e-006 1.18606e-006 2.57808e-006 1.18246e-006 2.57999e-006 1.18095e-006 2.57724e-006 1.20362e-006 2.5758e-006 1.18692e-006 2.57616e-006 1.18692e-006 2.57617e-006 1.18688e-006 2.58299e-006 1.18583e-006 2.57895e-006 1.18321e-006 2.57894e-006 1.1832e-006 2.57892e-006 1.18287e-006 2.57801e-006 1.18285e-006 2.57801e-006 1.18252e-006 2.57857e-006 1.18628e-006 2.57829e-006 1.18618e-006 2.57812e-006 1.18613e-006 2.58054e-006 1.18589e-006 2.57819e-006 1.18587e-006 2.57829e-006 1.18584e-006 2.57831e-006 1.18648e-006 2.57832e-006 1.18648e-006 2.57831e-006 1.1864e-006 2.57826e-006 1.18639e-006 2.57795e-006 1.18636e-006 2.57817e-006 1.18632e-006 2.57795e-006
1.18689e-006 2.57863e-006 1.18667e-006 2.57943e-006 1.18594e-006 2.58049e-006 1.18579e-006 2.57955e-006 1.18569e-006 2.57848e-006 1.18546e-006 2.57844e-006 1.1856e-006 2.57907e-006 1.18558e-006 2.57901e-006 1.18558e-006 2.58062e-006 1.18547e-006 2.57844e-006 1.18546e-006 2.57847e-006 1.18534e-006 2.57948e-006 1.1853e-006 2.57972e-006 1.1852e-006 2.57881e-006 1.18512e-006 2.57934e-006 1.18669e-006 2.57841e-006 1.18572e-006 2.57841e-006 1.18562e-006 2.58061e-006
1.18803e-006 2.57938e-006 1.18669e-006 2.57841e-006 1.1886e-006 2.57982e-006 1.18856e-006 2.57934e-006
1.18669e-006 2.57841e-006 1.18623e-006 2.57974e-006
1.18586e-006 2.58166e-006 1.18797e-006 2.57908e-006 1.18669e-006 2.57841e-006
1.18669e-006 2.57841e-006 1.18625e-006 2.57832e-006
1.18669e-006 2.57841e-006
1.18747e-006 2.57922e-006 1.18727e-006 2.57926e-006 1.18708e-006 2.57927e-006 1.18706e-006 2.57903e-006 1.18699e-006 2.5788e-006 1.18697e-006 2.57911e-006 1.18691e-006 2.57616e-006 1.18688e-006 2.57914e-006 1.18623e-006 2.57906e-006 1.18569e-006 2.57848e-006 1.18568e-006 2.57848e-006 1.18569e-006 2.57848e-006 1.18767e-006 2.57892e-006 1.18729e-006 2.57885e-006 1.18706e-006 2.57878e-006 1.18699e-006 2.57883e-006 1.18694e-006 2.57896e-006 1.18694e-006 2.57905e-006 1.18685e-006 2.57895e-006 1.18669e-006 2.57841e-006 1.18662e-006 2.57927e-006 1.18661e-006 2.5794e-006 1.18625e-006 2.57858e-006