14178
14180
14779
14780
14782
14783
14786
15185
15186
15187
15189
15190
15191
15192
15194
15205
15477
15478
15480
15481
15482
15483
15485
15486
15487
15488
15716
16193
16194
16196
16198
16199
16200
16424
16547
16834
16835
17289
17617
17871
17872
17873
17874
17875
17876
17877
17878
17879
17880
17881
17882
19322
19344
19367
19368
19391
19392
19436
19437
19438
19439
19638
19640
19641
19642
19643
19905
19906
19907
19908
20042
20043
20044
20045
20046
20047
20117
20557
20558
20559
20560
20716
20717
20718
20719
20720
21177
21178
21179
21180
21181
21182
21331
21332
21711
21712
21713
21714
21715
21716
22515
22818
22830
22869
22896
22993
23024
23025
23026
23027
23028
23029
23030
23031
23151
23241
23255
23266
23280
23281
23304
23355
23394
23397
23462
23468
23469
23470
23471
23472
23473
23475
23647
23770
23777
23778
23782
23784
23817
23818
23821
23831
23892
23912
23928
23930
23933
23940
23941
23943
24166
24188
24220
24227
24230
24234
24235
24236
24237
24241
24263
24285
24338
24342
24348
24351
24352
24356
24357
24362
24372
24375
24378
24384
24388
24390
24391
24392
24393
24596
24610
24624
24642
24649
24677
24696
24699
24702
24712
24726
24807
24808
24816
24817
24818
24967
24996
25069
25070
25072
25073
25081
25083
25104
25105
25122
25156
25230
25253
25254
25255
25256
25483
25484
25488
25530
25531
25532
25538
25540
25541
25550
25696
25698
25699
25701
25702
25703
25704
25705
25886
25898
25913
25923
25945
25986
25987
25988
25999
26011
26039
26093
26143
26144
26145
26146
26149
26150
26368
26380
26421
26428
26434
26437
26438
26448
26456
26457
26551
26568
26570
26571
26576
26577
26591
26595
26596
26597
26820
26825
26856
26866
26875
26891
26893
27046
27047
27048
27050
27265
27266
27351
27354
27363
27365
27372
27387
27388
27389
27445
27453
27479
27491
27492
27493
27494
27496
27668
27669
27698
27745
27748
27776
27777
27800
27810
27812
27828
27889
27935
27936
27939
27943
28125
28145
28178
28192
28229
28230
28231
28312
28389
28390
28391
28392
28393
28394
28395
28605
28613
28614
28617
28626
28690
28691
28705
28706
28717
28758
28787
28853
28856
28857
28858
28859
28860
28873
28878
28879
28880
28881
29083
29119
29144
29145
29157
29158
29160
29187
29212
29298
29306
29307
29447
29482
29524
29596
29597
29598
29718
29719
29720
29723
29724
29733
29908
29927
29945
29958
29995
29996
29997
30051
30270
30320
30326
30353
30356
30367
30373
30377
30393
30686
30729
30785
30794
30802
30807
30898
30922
30943
31119
31126
31142
31170
31172
31174
31175
31186
31200
31211
31224
31481
31491
31589
31598
31608
31661
31718
31742
31752
31763
31777
31786
31806
31808
31904
31948
31979
31988
32030
32065
32080
32082
32112
32146
32255
32259
32261
32263
32266
32280
32285
32293
32298
32320
32321
32324
32325
32341
32342
32617
32648
32664
32702
32710
32736
32780
32793
32876
32968
32973
33044
33051
33072
33077
33084
33104
33109
33164
33504
33541
33564
33573
33603
33621
33630
33634
33679
33681
33686
33778
33810
33813
33831
33865
33940
33964
33969
33985
34000
34002
34003
34008
34019
34035
34042
34054
34066
34378
34388
34442
34446
34448
34456
34499
34514
34564
34612
34621
34737
34779
34812
34813
34821
34824
34826
34837
34846
34848
34850
34851
34852
34856
34861
34908
35157
35172
35219
35292
35317
35323
35330
35345
35352
35353
35382
35393
35513
35519
35630
35656
35720
35731
35738
35739
35785
35857
35869
35871
35893
35903
35915
35921
35930
35970
36263
36290
36313
36330
36337
36391
36424
36490
36518
36687
36704
36732
36741
36770
36789
36790
36806
37098
37147
37233
37265
37347
37541
37556
37582
37589
37594
37599
37608
37651
37978
38002
38008
38018
38026
38058
38065
38071
38099
38107
38188
38296
38360
38413
38417
38480
38487
38491
38495
38497
38507
38510
38521
38531
38817
38834
38879
38882
38895
38899
38908
38913
38928
38966
38978
39015
39035
39044
39054
39067
39174
39216
39268
39333
39345
39348